0.005
0.0003	197	0.000
0.0050	248	0.000
0.0100	336	0.000
0.0150	420	0.000
0.0200	475	0.000
0.0250	518	0.000
0.0300	550	0.000
0.0350	554	0.000
0.0400	512	0.000
0.0450	460	0.000
0.0500	355	0.000
0.0550	266	0.000
0.0600	233	0.000
0.0650	215	0.000
0.0700	206	0.000
0.0750	200	0.000
0.0800	194	0.000
0.0850	197	0.000
0.0900	200	0.000
0.0950	203	0.000
0.1000	209	0.000
0.1050	217	0.000
0.1100	263	0.000
0.1150	357	0.000
0.1200	450	0.000
0.1250	525	0.000
0.1300	577	0.000
0.1350	572	0.000
0.1400	510	0.000
0.1450	548	0.000
0.1500	551	0.000
0.1550	542	0.000
0.1600	530	0.000
0.1650	448	0.000
0.1700	303	0.000
0.1750	245	0.000
0.1800	215	0.000
0.1850	206	0.000
0.1900	200	0.000
0.1950	198	0.000
0.2000	199	0.000
0.2050	195	0.000
0.2100	184	0.000
0.2150	194	0.000
0.2200	246	0.000
0.2250	334	0.000
0.2300	418	0.000
0.2350	473	0.000
0.2400	516	0.000
0.2450	549	0.000
0.2500	556	0.000
0.2550	515	9.091
0.2600	463	9.091
0.2650	364	9.091
0.2700	269	9.091
0.2750	234	9.091
0.2800	216	9.091
0.2850	206	9.091
0.2900	199	9.091
0.2950	195	9.091
0.3000	197	9.091
0.3050	200	9.091
0.3100	204	9.091
0.3150	209	9.091
0.3200	218	9.091
0.3250	263	9.091
0.3300	352	9.091
0.3350	448	9.091
0.3400	520	9.091
0.3450	579	9.091
0.3500	589	9.091
0.3550	532	9.091
0.3600	539	9.091
0.3650	560	9.091
0.3700	550	9.091
0.3750	541	9.091
0.3800	522	9.091
0.3850	403	9.091
0.3900	285	9.091
0.3950	238	9.091
0.4000	213	9.091
0.4050	204	9.091
0.4100	199	9.091
0.4150	198	9.091
0.4200	198	9.091
0.4250	196	9.091
0.4300	189	9.091
0.4350	180	9.091
0.4400	210	9.091
0.4450	273	9.091
0.4500	360	9.091
0.4550	435	9.091
0.4600	489	9.091
0.4650	527	9.091
0.4700	555	9.091
0.4750	563	9.091
0.4800	523	9.091
0.4850	472	9.091
0.4900	405	9.091
0.4950	281	9.091
0.5000	243	9.091
0.5050	221	4.444
0.5100	211	4.444
0.5150	202	4.444
0.5200	197	4.444
0.5250	193	4.444
0.5300	197	4.444
0.5350	200	4.444
0.5400	202	4.444
0.5450	207	4.444
0.5500	213	4.444
0.5550	232	4.444
0.5600	294	4.444
0.5650	386	4.444
0.5700	472	4.444
0.5750	541	4.444
0.5800	595	4.444
0.5850	607	4.444
0.5900	564	4.444
0.5950	530	4.444
0.6000	564	4.444
0.6050	559	4.444
0.6100	554	4.444
0.6150	536	4.444
0.6200	508	4.444
0.6250	367	4.444
0.6300	274	4.444
0.6350	234	4.444
0.6400	211	4.444
0.6450	203	4.444
0.6500	200	4.444
0.6550	197	4.444
0.6600	198	4.444
0.6650	196	4.444
0.6700	193	4.444
0.6750	184	4.444
0.6800	190	4.444
0.6850	231	4.444
0.6900	306	4.444
0.6950	389	4.444
0.7000	454	4.444
0.7050	502	4.444
0.7100	538	4.444
0.7150	563	4.444
0.7200	577	4.444
0.7250	537	4.444
0.7300	487	4.444
0.7350	442	4.444
0.7400	317	4.444
0.7450	259	4.444
0.7500	231	4.444
0.7550	214	7.407
0.7600	207	7.407
0.7650	201	7.407
0.7700	196	7.407
0.7750	193	7.407
0.7800	196	7.407
0.7850	199	7.407
0.7900	201	7.407
0.7950	204	7.407
0.8000	209	7.407
0.8050	216	7.407
0.8100	246	7.407
0.8150	313	7.407
0.8200	406	7.407
0.8250	486	7.407
0.8300	552	7.407
0.8350	603	7.407
0.8400	624	7.407
0.8450	605	7.407
0.8500	533	7.407
0.8550	547	7.407
0.8600	570	7.407
0.8650	564	7.407
0.8700	558	7.407
0.8750	545	7.407
0.8800	530	7.407
0.8850	465	7.407
0.8900	332	7.407
0.8950	264	7.407
0.9000	233	7.407
0.9050	211	7.407
0.9100	204	7.407
0.9150	201	7.407
0.9200	197	7.407
0.9250	197	7.407
0.9300	197	7.407
0.9350	197	7.407
0.9400	194	7.407
0.9450	190	7.407
0.9500	181	7.407
0.9550	186	7.407
0.9600	217	7.407
0.9650	267	7.407
0.9700	342	7.407
0.9750	413	7.407
0.9800	477	7.407
0.9850	511	7.407
0.9900	547	7.407
0.9950	571	7.407
1.0000	581	7.407
1.0050	608	3.636
1.0100	592	3.636
1.0150	551	3.636
1.0200	512	3.636
1.0250	468	3.636
1.0300	426	3.636
1.0350	322	3.636
1.0400	262	3.636
1.0450	239	3.636
1.0500	223	3.636
1.0550	211	3.636
1.0600	207	3.636
1.0650	202	3.636
1.0700	198	3.636
1.0750	196	3.636
1.0800	192	3.636
1.0850	191	3.636
1.0900	195	3.636
1.0950	197	3.636
1.1000	199	3.636
1.1050	199	3.636
1.1100	202	3.636
1.1150	204	3.636
1.1200	208	3.636
1.1250	211	3.636
1.1300	215	3.636
1.1350	227	3.636
1.1400	255	3.636
1.1450	304	3.636
1.1500	370	3.636
1.1550	445	3.636
1.1600	515	3.636
1.1650	567	3.636
1.1700	611	3.636
1.1750	648	3.636
1.1800	677	3.636
1.1850	695	3.636
1.1900	688	3.636
1.1950	664	3.636
1.2000	627	3.636
1.2050	566	3.636
1.2100	525	3.636
1.2150	562	3.636
1.2200	582	3.636
1.2250	591	3.636
1.2300	584	3.636
1.2350	575	3.636
1.2400	568	3.636
1.2450	559	3.636
1.2500	551	3.636
1.2550	539	3.922
1.2600	529	3.922
1.2650	480	3.922
1.2700	391	3.922
1.2750	316	3.922
1.2800	269	3.922
1.2850	244	3.922
1.2900	227	3.922
1.2950	215	3.922
1.3000	206	3.922
1.3050	199	3.922
1.3100	198	3.922
1.3150	196	3.922
1.3200	197	3.922
1.3250	196	3.922
1.3300	194	3.922
1.3350	193	3.922
1.3400	193	3.922
1.3450	194	3.922
1.3500	194	3.922
1.3550	194	3.922
1.3600	195	3.922
1.3650	196	3.922
1.3700	196	3.922
1.3750	195	3.922
1.3800	193	3.922
1.3850	194	3.922
1.3900	191	3.922
1.3950	188	3.922
1.4000	185	3.922
1.4050	182	3.922
1.4100	177	3.922
1.4150	173	3.922
1.4200	176	3.922
1.4250	185	3.922
1.4300	197	3.922
1.4350	211	3.922
1.4400	225	3.922
1.4450	243	3.922
1.4500	263	3.922
1.4550	288	3.922
1.4600	317	3.922
1.4650	352	3.922
1.4700	391	3.922
1.4750	429	3.922
1.4800	463	3.922
1.4850	495	3.922
1.4900	521	3.922
1.4950	544	3.922
1.5000	578	3.922
1.5050	608	3.175
1.5100	623	3.175
1.5150	618	3.175
1.5200	614	3.175
1.5250	610	3.175
1.5300	610	3.175
1.5350	615	3.175
1.5400	618	3.175
1.5450	629	3.175
1.5500	641	3.175
1.5550	647	3.175
1.5600	651	3.175
1.5650	656	3.175
1.5700	655	3.175
1.5750	655	3.175
1.5800	654	3.175
1.5850	654	3.175
1.5900	651	3.175
1.5950	651	3.175
1.6000	650	3.175
1.6050	651	3.175
1.6100	652	3.175
1.6150	653	3.175
1.6200	654	3.175
1.6250	653	3.175
1.6300	654	3.175
1.6350	656	3.175
1.6400	653	3.175
1.6450	655	3.175
1.6500	657	3.175
1.6550	655	3.175
1.6600	656	3.175
1.6650	656	3.175
1.6700	656	3.175
1.6750	657	3.175
1.6800	655	3.175
1.6850	657	3.175
1.6900	657	3.175
1.6950	657	3.175
1.7000	656	3.175
1.7050	656	3.175
1.7100	657	3.175
1.7150	657	3.175
1.7200	656	3.175
1.7250	657	3.175
1.7300	656	3.175
1.7350	656	3.175
1.7400	655	3.175
1.7450	656	3.175
1.7500	656	3.175
1.7550	656	3.175
1.7600	657	3.175
1.7650	656	3.175
1.7700	655	3.175
1.7750	658	3.175
1.7800	655	3.175
1.7850	659	3.175
1.7900	655	3.175
1.7950	657	3.175
1.8000	657	3.175
1.8050	656	3.175
1.8100	657	3.175
1.8150	658	3.175
1.8200	656	3.175
1.8250	657	3.175
1.8300	656	3.175
1.8350	658	3.175
1.8400	656	3.175
1.8450	658	3.175
1.8500	657	3.175
1.8550	658	3.175
1.8600	658	3.175
1.8650	656	3.175
1.8700	657	3.175
1.8750	659	3.175
1.8800	659	3.175
1.8850	658	3.175
1.8900	658	3.175
1.8950	657	3.175
1.9000	659	3.175
1.9050	659	3.175
1.9100	660	3.175
1.9150	658	3.175
1.9200	660	3.175
1.9250	659	3.175
1.9300	657	3.175
1.9350	659	3.175
1.9400	659	3.175
1.9450	660	3.175
1.9500	659	3.175
1.9550	658	3.175
1.9600	659	3.175
1.9650	658	3.175
1.9700	658	3.175
1.9750	659	3.175
1.9800	658	3.175
1.9850	658	3.175
1.9900	659	3.175
1.9950	660	3.175
2.0000	659	3.175
2.0050	659	3.175
2.0100	660	3.175
2.0150	659	3.175
2.0200	661	3.175
2.0250	660	3.175
2.0300	658	3.175
2.0350	660	3.175
2.0400	657	3.175
2.0450	659	3.175
2.0500	661	3.175
2.0550	660	3.175
2.0600	658	3.175
2.0650	659	3.175
2.0700	660	3.175
2.0750	660	3.175
2.0800	658	3.175
2.0850	660	3.175
2.0900	659	3.175
2.0950	660	3.175
2.1000	659	3.175
2.1050	659	3.175
2.1100	659	3.175
2.1150	659	3.175
2.1200	660	3.175
2.1250	659	3.175
2.1300	659	3.175
2.1350	660	3.175
2.1400	660	3.175
2.1450	660	3.175
2.1500	660	3.175
2.1550	659	3.175
2.1600	659	3.175
2.1650	659	3.175
2.1700	659	3.175
2.1750	660	3.175
2.1800	660	3.175
2.1850	661	3.175
2.1900	659	3.175
2.1950	659	3.175
2.2000	659	3.175
2.2050	660	3.175
2.2100	661	3.175
2.2150	660	3.175
2.2200	658	3.175
2.2250	659	3.175
2.2300	658	3.175
2.2350	658	3.175
2.2400	660	3.175
2.2450	661	3.175
2.2500	659	3.175
2.2550	659	5.263
2.2600	661	5.263
2.2650	658	5.263
2.2700	660	5.263
2.2750	658	5.263
2.2800	659	5.263
2.2850	660	5.263
2.2900	658	5.263
2.2950	658	5.263
2.3000	659	5.263
2.3050	658	5.263
2.3100	660	5.263
2.3150	658	5.263
2.3200	661	5.263
2.3250	659	5.263
2.3300	659	5.263
2.3350	660	5.263
2.3400	660	5.263
2.3450	659	5.263
2.3500	661	5.263
2.3550	658	5.263
2.3600	662	5.263
2.3650	659	5.263
2.3700	660	5.263
2.3750	659	5.263
2.3800	660	5.263
2.3850	659	5.263
2.3900	658	5.263
2.3950	658	5.263
2.4000	660	5.263
2.4050	658	5.263
2.4100	660	5.263
2.4150	659	5.263
2.4200	659	5.263
2.4250	659	5.263
2.4300	657	5.263
2.4350	659	5.263
2.4400	660	5.263
2.4450	661	5.263
2.4500	659	5.263
2.4550	659	5.263
2.4600	661	5.263
2.4650	658	5.263
2.4700	660	5.263
2.4750	660	5.263
2.4800	660	5.263
2.4850	660	5.263
2.4900	658	5.263
2.4950	660	5.263
2.5000	660	5.263
2.5050	660	28.572
2.5100	660	28.572
2.5150	660	28.572
2.5200	660	28.572
2.5250	659	28.572
2.5300	658	28.572
2.5350	660	28.572
2.5400	659	28.572
2.5450	659	28.572
2.5500	658	28.572
2.5550	659	28.572
2.5600	660	28.572
2.5650	659	28.572
2.5700	660	28.572
2.5750	659	28.572
2.5800	660	28.572
2.5850	661	28.572
2.5900	659	28.572
2.5950	659	28.572
2.6000	660	28.572
2.6050	659	28.572
2.6100	661	28.572
2.6150	658	28.572
2.6200	660	28.572
2.6250	661	28.572
2.6300	659	28.572
2.6350	662	28.572
2.6400	660	28.572
2.6450	658	28.572
2.6500	660	28.572
2.6550	660	28.572
2.6600	661	28.572
2.6650	660	28.572
2.6700	660	28.572
2.6750	659	28.572
2.6800	659	28.572
2.6850	661	28.572
2.6900	660	28.572
2.6950	660	28.572
2.7000	660	28.572
2.7050	660	28.572
2.7100	660	28.572
2.7150	659	28.572
2.7200	659	28.572
2.7250	660	28.572
2.7300	659	28.572
2.7350	660	28.572
2.7400	660	28.572
2.7450	660	28.572
2.7500	660	28.572
2.7550	660	33.333
2.7600	661	33.333
2.7650	659	33.333
2.7700	660	33.333
2.7750	659	33.333
2.7800	661	33.333
2.7850	662	33.333
2.7900	659	33.333
2.7950	660	33.333
2.8000	659	33.333
2.8050	661	33.333
2.8100	659	33.333
2.8150	659	33.333
2.8200	659	33.333
2.8250	660	33.333
2.8300	658	33.333
2.8350	659	33.333
2.8400	660	33.333
2.8450	659	33.333
2.8500	660	33.333
2.8550	659	33.333
2.8600	661	33.333
2.8650	661	33.333
2.8700	660	33.333
2.8750	660	33.333
2.8800	660	33.333
2.8850	661	33.333
2.8900	661	33.333
2.8950	659	33.333
2.9000	662	33.333
2.9050	658	33.333
2.9100	660	33.333
2.9150	660	33.333
2.9200	660	33.333
2.9250	659	33.333
2.9300	660	33.333
2.9350	662	33.333
2.9400	660	33.333
2.9450	660	33.333
2.9500	661	33.333
2.9550	660	33.333
2.9600	660	33.333
2.9650	658	33.333
2.9700	659	33.333
2.9750	662	33.333
2.9800	661	33.333
2.9850	661	33.333
2.9900	659	33.333
2.9950	659	33.333
3.0000	659	33.333
3.0050	660	25.000
3.0100	660	25.000
3.0150	659	25.000
3.0200	659	25.000
3.0250	661	25.000
3.0300	659	25.000
3.0350	661	25.000
3.0400	659	25.000
3.0450	661	25.000
3.0500	661	25.000
3.0550	660	25.000
3.0600	659	25.000
3.0650	659	25.000
3.0700	660	25.000
3.0750	660	25.000
3.0800	659	25.000
3.0850	661	25.000
3.0900	658	25.000
3.0950	660	25.000
3.1000	661	25.000
3.1050	661	25.000
3.1100	660	25.000
3.1150	658	25.000
3.1200	659	25.000
3.1250	659	25.000
3.1300	661	25.000
3.1350	659	25.000
3.1400	658	25.000
3.1450	660	25.000
3.1500	660	25.000
3.1550	659	25.000
3.1600	661	25.000
3.1650	659	25.000
3.1700	660	25.000
3.1750	659	25.000
3.1800	660	25.000
3.1850	660	25.000
3.1900	661	25.000
3.1950	660	25.000
3.2000	661	25.000
3.2050	658	25.000
3.2100	660	25.000
3.2150	661	25.000
3.2200	660	25.000
3.2250	659	25.000
3.2300	661	25.000
3.2350	661	25.000
3.2400	658	25.000
3.2450	659	25.000
3.2500	659	25.000
3.2550	660	28.571
3.2600	662	28.571
3.2650	658	28.571
3.2700	661	28.571
3.2750	660	28.571
3.2800	659	28.571
3.2850	659	28.571
3.2900	658	28.571
3.2950	659	28.571
3.3000	658	28.571
3.3050	658	28.571
3.3100	658	28.571
3.3150	658	28.571
3.3200	659	28.571
3.3250	659	28.571
3.3300	657	28.571
3.3350	660	28.571
3.3400	657	28.571
3.3450	658	28.571
3.3500	659	28.571
3.3550	658	28.571
3.3600	660	28.571
3.3650	657	28.571
3.3700	657	28.571
3.3750	658	28.571
3.3800	658	28.571
3.3850	659	28.571
3.3900	659	28.571
3.3950	659	28.571
3.4000	658	28.571
3.4050	658	28.571
3.4100	659	28.571
3.4150	659	28.571
3.4200	659	28.571
3.4250	658	28.571
3.4300	660	28.571
3.4350	660	28.571
3.4400	656	28.571
3.4450	659	28.571
3.4500	659	28.571
3.4550	658	28.571
3.4600	658	28.571
3.4650	659	28.571
3.4700	657	28.571
3.4750	659	28.571
3.4800	659	28.571
3.4850	659	28.571
3.4900	658	28.571
3.4950	658	28.571
3.5000	657	28.571
3.5050	656	28.572
3.5100	659	28.572
3.5150	659	28.572
3.5200	659	28.572
3.5250	658	28.572
3.5300	656	28.572
3.5350	660	28.572
3.5400	657	28.572
3.5450	657	28.572
3.5500	658	28.572
3.5550	656	28.572
3.5600	658	28.572
3.5650	658	28.572
3.5700	657	28.572
3.5750	657	28.572
3.5800	656	28.572
3.5850	658	28.572
3.5900	657	28.572
3.5950	656	28.572
3.6000	656	28.572
3.6050	656	28.572
3.6100	658	28.572
3.6150	656	28.572
3.6200	656	28.572
3.6250	655	28.572
3.6300	656	28.572
3.6350	657	28.572
3.6400	657	28.572
3.6450	658	28.572
3.6500	657	28.572
3.6550	656	28.572
3.6600	657	28.572
3.6650	658	28.572
3.6700	658	28.572
3.6750	658	28.572
3.6800	659	28.572
3.6850	659	28.572
3.6900	660	28.572
3.6950	660	28.572
3.7000	661	28.572
3.7050	658	28.572
3.7100	661	28.572
3.7150	660	28.572
3.7200	661	28.572
3.7250	661	28.572
3.7300	661	28.572
3.7350	661	28.572
3.7400	662	28.572
3.7450	663	28.572
3.7500	663	28.572
3.7550	660	5.714
3.7600	662	5.714
3.7650	662	5.714
3.7700	662	5.714
3.7750	661	5.714
3.7800	662	5.714
3.7850	661	5.714
3.7900	659	5.714
3.7950	661	5.714
3.8000	661	5.714
3.8050	659	5.714
3.8100	661	5.714
3.8150	661	5.714
3.8200	661	5.714
3.8250	662	5.714
3.8300	658	5.714
3.8350	662	5.714
3.8400	661	5.714
3.8450	660	5.714
3.8500	661	5.714
3.8550	659	5.714
3.8600	660	5.714
3.8650	659	5.714
3.8700	659	5.714
3.8750	659	5.714
3.8800	659	5.714
3.8850	659	5.714
3.8900	658	5.714
3.8950	658	5.714
3.9000	658	5.714
3.9050	658	5.714
3.9100	659	5.714
3.9150	656	5.714
3.9200	658	5.714
3.9250	657	5.714
3.9300	658	5.714
3.9350	657	5.714
3.9400	656	5.714
3.9450	657	5.714
3.9500	656	5.714
3.9550	655	5.714
3.9600	657	5.714
3.9650	656	5.714
3.9700	657	5.714
3.9750	657	5.714
3.9800	658	5.714
3.9850	658	5.714
3.9900	656	5.714
3.9950	657	5.714
4.0000	656	5.714
4.0050	657	6.250
4.0100	657	6.250
4.0150	656	6.250
4.0200	657	6.250
4.0250	657	6.250
4.0300	657	6.250
4.0350	656	6.250
4.0400	657	6.250
4.0450	658	6.250
4.0500	657	6.250
4.0550	657	6.250
4.0600	656	6.250
4.0650	657	6.250
4.0700	656	6.250
4.0750	656	6.250
4.0800	656	6.250
4.0850	657	6.250
4.0900	656	6.250
4.0950	656	6.250
4.1000	656	6.250
4.1050	656	6.250
4.1100	657	6.250
4.1150	657	6.250
4.1200	657	6.250
4.1250	655	6.250
4.1300	656	6.250
4.1350	657	6.250
4.1400	656	6.250
4.1450	656	6.250
4.1500	656	6.250
4.1550	657	6.250
4.1600	657	6.250
4.1650	657	6.250
4.1700	657	6.250
4.1750	655	6.250
4.1800	655	6.250
4.1850	656	6.250
4.1900	655	6.250
4.1950	656	6.250
4.2000	656	6.250
4.2050	656	6.250
4.2100	658	6.250
4.2150	658	6.250
4.2200	657	6.250
4.2250	657	6.250
4.2300	657	6.250
4.2350	657	6.250
4.2400	655	6.250
4.2450	657	6.250
4.2500	657	6.250
4.2550	656	3.077
4.2600	656	3.077
4.2650	656	3.077
4.2700	657	3.077
4.2750	657	3.077
4.2800	655	3.077
4.2850	655	3.077
4.2900	656	3.077
4.2950	658	3.077
4.3000	657	3.077
4.3050	657	3.077
4.3100	657	3.077
4.3150	657	3.077
4.3200	656	3.077
4.3250	657	3.077
4.3300	655	3.077
4.3350	657	3.077
4.3400	656	3.077
4.3450	656	3.077
4.3500	656	3.077
4.3550	655	3.077
4.3600	656	3.077
4.3650	656	3.077
4.3700	656	3.077
4.3750	655	3.077
4.3800	656	3.077
4.3850	656	3.077
4.3900	656	3.077
4.3950	656	3.077
4.4000	656	3.077
4.4050	656	3.077
4.4100	657	3.077
4.4150	655	3.077
4.4200	657	3.077
4.4250	657	3.077
4.4300	656	3.077
4.4350	658	3.077
4.4400	655	3.077
4.4450	656	3.077
4.4500	656	3.077
4.4550	656	3.077
4.4600	657	3.077
4.4650	655	3.077
4.4700	656	3.077
4.4750	657	3.077
4.4800	657	3.077
4.4850	657	3.077
4.4900	655	3.077
4.4950	657	3.077
4.5000	657	3.077
4.5050	655	20.000
4.5100	656	20.000
4.5150	654	20.000
4.5200	656	20.000
4.5250	657	20.000
4.5300	656	20.000
4.5350	656	20.000
4.5400	657	20.000
4.5450	658	20.000
4.5500	655	20.000
4.5550	657	20.000
4.5600	657	20.000
4.5650	655	20.000
4.5700	657	20.000
4.5750	656	20.000
4.5800	656	20.000
4.5850	656	20.000
4.5900	656	20.000
4.5950	656	20.000
4.6000	656	20.000
4.6050	657	20.000
4.6100	655	20.000
4.6150	655	20.000
4.6200	656	20.000
4.6250	654	20.000
4.6300	656	20.000
4.6350	656	20.000
4.6400	656	20.000
4.6450	657	20.000
4.6500	655	20.000
4.6550	656	20.000
4.6600	656	20.000
4.6650	654	20.000
4.6700	656	20.000
4.6750	657	20.000
4.6800	657	20.000
4.6850	655	20.000
4.6900	656	20.000
4.6950	655	20.000
4.7000	656	20.000
4.7050	655	20.000
4.7100	657	20.000
4.7150	656	20.000
4.7200	656	20.000
4.7250	656	20.000
4.7300	656	20.000
4.7350	656	20.000
4.7400	655	20.000
4.7450	656	20.000
4.7500	655	20.000
4.7550	656	22.222
4.7600	656	22.222
4.7650	657	22.222
4.7700	657	22.222
4.7750	655	22.222
4.7800	656	22.222
4.7850	656	22.222
4.7900	656	22.222
4.7950	656	22.222
4.8000	656	22.222
4.8050	656	22.222
4.8100	654	22.222
4.8150	657	22.222
4.8200	656	22.222
4.8250	657	22.222
4.8300	657	22.222
4.8350	657	22.222
4.8400	656	22.222
4.8450	657	22.222
4.8500	654	22.222
4.8550	656	22.222
4.8600	656	22.222
4.8650	654	22.222
4.8700	655	22.222
4.8750	656	22.222
4.8800	655	22.222
4.8850	656	22.222
4.8900	657	22.222
4.8950	657	22.222
4.9000	656	22.222
4.9050	657	22.222
4.9100	656	22.222
4.9150	657	22.222
4.9200	656	22.222
4.9250	655	22.222
4.9300	656	22.222
4.9350	657	22.222
4.9400	656	22.222
4.9450	657	22.222
4.9500	656	22.222
4.9550	657	22.222
4.9600	657	22.222
4.9650	656	22.222
4.9700	656	22.222
4.9750	657	22.222
4.9800	654	22.222
4.9850	656	22.222
4.9900	655	22.222
4.9950	655	22.222
5.0000	657	22.222
5.0050	655	39.999
5.0100	655	39.999
5.0150	656	39.999
5.0200	656	39.999
5.0250	654	39.999
5.0300	655	39.999
5.0350	655	39.999
5.0400	655	39.999
5.0450	656	39.999
5.0500	656	39.999
5.0550	656	39.999
5.0600	657	39.999
5.0650	654	39.999
5.0700	655	39.999
5.0750	658	39.999
5.0800	656	39.999
5.0850	656	39.999
5.0900	655	39.999
5.0950	657	39.999
5.1000	655	39.999
5.1050	654	39.999
5.1100	655	39.999
5.1150	655	39.999
5.1200	657	39.999
5.1250	656	39.999
5.1300	657	39.999
5.1350	657	39.999
5.1400	655	39.999
5.1450	656	39.999
5.1500	655	39.999
5.1550	656	39.999
5.1600	656	39.999
5.1650	656	39.999
5.1700	655	39.999
5.1750	656	39.999
5.1800	656	39.999
5.1850	656	39.999
5.1900	656	39.999
5.1950	655	39.999
5.2000	656	39.999
5.2050	655	39.999
5.2100	657	39.999
5.2150	655	39.999
5.2200	655	39.999
5.2250	656	39.999
5.2300	654	39.999
5.2350	654	39.999
5.2400	655	39.999
5.2450	656	39.999
5.2500	655	39.999
5.2550	656	28.572
5.2600	658	28.572
5.2650	657	28.572
5.2700	657	28.572
5.2750	654	28.572
5.2800	656	28.572
5.2850	656	28.572
5.2900	655	28.572
5.2950	655	28.572
5.3000	655	28.572
5.3050	655	28.572
5.3100	656	28.572
5.3150	656	28.572
5.3200	657	28.572
5.3250	655	28.572
5.3300	657	28.572
5.3350	657	28.572
5.3400	657	28.572
5.3450	656	28.572
5.3500	655	28.572
5.3550	655	28.572
5.3600	657	28.572
5.3650	655	28.572
5.3700	656	28.572
5.3750	655	28.572
5.3800	655	28.572
5.3850	657	28.572
5.3900	654	28.572
5.3950	657	28.572
5.4000	655	28.572
5.4050	658	28.572
5.4100	656	28.572
5.4150	656	28.572
5.4200	656	28.572
5.4250	655	28.572
5.4300	656	28.572
5.4350	657	28.572
5.4400	656	28.572
5.4450	656	28.572
5.4500	656	28.572
5.4550	655	28.572
5.4600	657	28.572
5.4650	656	28.572
5.4700	657	28.572
5.4750	655	28.572
5.4800	656	28.572
5.4850	656	28.572
5.4900	656	28.572
5.4950	656	28.572
5.5000	656	28.572
5.5050	655	49.999
5.5100	655	49.999
5.5150	656	49.999
5.5200	656	49.999
5.5250	657	49.999
5.5300	655	49.999
5.5350	656	49.999
5.5400	655	49.999
5.5450	655	49.999
5.5500	656	49.999
5.5550	655	49.999
5.5600	655	49.999
5.5650	656	49.999
5.5700	656	49.999
5.5750	657	49.999
5.5800	657	49.999
5.5850	658	49.999
5.5900	655	49.999
5.5950	657	49.999
5.6000	656	49.999
5.6050	655	49.999
5.6100	657	49.999
5.6150	656	49.999
5.6200	657	49.999
5.6250	655	49.999
5.6300	656	49.999
5.6350	657	49.999
5.6400	655	49.999
5.6450	655	49.999
5.6500	656	49.999
5.6550	655	49.999
5.6600	656	49.999
5.6650	656	49.999
5.6700	656	49.999
5.6750	654	49.999
5.6800	656	49.999
5.6850	657	49.999
5.6900	656	49.999
5.6950	655	49.999
5.7000	654	49.999
5.7050	655	49.999
5.7100	657	49.999
5.7150	656	49.999
5.7200	656	49.999
5.7250	656	49.999
5.7300	654	49.999
5.7350	656	49.999
5.7400	657	49.999
5.7450	657	49.999
5.7500	656	49.999
5.7550	656	16.667
5.7600	656	16.667
5.7650	656	16.667
5.7700	657	16.667
5.7750	654	16.667
5.7800	656	16.667
5.7850	657	16.667
5.7900	654	16.667
5.7950	657	16.667
5.8000	655	16.667
5.8050	654	16.667
5.8100	655	16.667
5.8150	654	16.667
5.8200	656	16.667
5.8250	655	16.667
5.8300	654	16.667
5.8350	657	16.667
5.8400	655	16.667
5.8450	657	16.667
5.8500	655	16.667
5.8550	657	16.667
5.8600	658	16.667
5.8650	655	16.667
5.8700	656	16.667
5.8750	656	16.667
5.8800	656	16.667
5.8850	655	16.667
5.8900	654	16.667
5.8950	656	16.667
5.9000	657	16.667
5.9050	654	16.667
5.9100	657	16.667
5.9150	655	16.667
5.9200	656	16.667
5.9250	657	16.667
5.9300	656	16.667
5.9350	656	16.667
5.9400	654	16.667
5.9450	656	16.667
5.9500	656	16.667
5.9550	655	16.667
5.9600	656	16.667
5.9650	655	16.667
5.9700	656	16.667
5.9750	656	16.667
5.9800	655	16.667
5.9850	655	16.667
5.9900	656	16.667
5.9950	656	16.667
6.0000	654	16.667
6.0050	655	28.571
6.0100	655	28.571
6.0150	655	28.571
6.0200	657	28.571
6.0250	656	28.571
6.0300	655	28.571
6.0350	655	28.571
6.0400	656	28.571
6.0450	656	28.571
6.0500	655	28.571
6.0550	655	28.571
6.0600	655	28.571
6.0650	655	28.571
6.0700	655	28.571
6.0750	656	28.571
6.0800	655	28.571
6.0850	656	28.571
6.0900	653	28.571
6.0950	655	28.571
6.1000	656	28.571
6.1050	655	28.571
6.1100	657	28.571
6.1150	655	28.571
6.1200	656	28.571
6.1250	655	28.571
6.1300	656	28.571
6.1350	656	28.571
6.1400	655	28.571
6.1450	656	28.571
6.1500	656	28.571
6.1550	656	28.571
6.1600	655	28.571
6.1650	656	28.571
6.1700	656	28.571
6.1750	654	28.571
6.1800	656	28.571
6.1850	655	28.571
6.1900	656	28.571
6.1950	656	28.571
6.2000	655	28.571
6.2050	654	28.571
6.2100	655	28.571
6.2150	655	28.571
6.2200	655	28.571
6.2250	656	28.571
6.2300	655	28.571
6.2350	656	28.571
6.2400	657	28.571
6.2450	656	28.571
6.2500	655	28.571
6.2550	655	22.222
6.2600	656	22.222
6.2650	654	22.222
6.2700	656	22.222
6.2750	654	22.222
6.2800	654	22.222
6.2850	655	22.222
6.2900	655	22.222
6.2950	655	22.222
6.3000	656	22.222
6.3050	655	22.222
6.3100	657	22.222
6.3150	655	22.222
6.3200	657	22.222
6.3250	656	22.222
6.3300	655	22.222
6.3350	655	22.222
6.3400	655	22.222
6.3450	656	22.222
6.3500	657	22.222
6.3550	655	22.222
6.3600	655	22.222
6.3650	654	22.222
6.3700	656	22.222
6.3750	655	22.222
6.3800	656	22.222
6.3850	655	22.222
6.3900	654	22.222
6.3950	657	22.222
6.4000	655	22.222
6.4050	656	22.222
6.4100	657	22.222
6.4150	654	22.222
6.4200	656	22.222
6.4250	655	22.222
6.4300	655	22.222
6.4350	655	22.222
6.4400	654	22.222
6.4450	657	22.222
6.4500	657	22.222
6.4550	656	22.222
6.4600	656	22.222
6.4650	656	22.222
6.4700	657	22.222
6.4750	657	22.222
6.4800	654	22.222
6.4850	656	22.222
6.4900	654	22.222
6.4950	656	22.222
6.5000	657	22.222
6.5050	655	40.001
6.5100	655	40.001
6.5150	656	40.001
6.5200	656	40.001
6.5250	656	40.001
6.5300	655	40.001
6.5350	655	40.001
6.5400	654	40.001
6.5450	655	40.001
6.5500	654	40.001
6.5550	655	40.001
6.5600	656	40.001
6.5650	656	40.001
6.5700	655	40.001
6.5750	655	40.001
6.5800	656	40.001
6.5850	657	40.001
6.5900	655	40.001
6.5950	655	40.001
6.6000	656	40.001
6.6050	657	40.001
6.6100	657	40.001
6.6150	656	40.001
6.6200	656	40.001
6.6250	656	40.001
6.6300	656	40.001
6.6350	654	40.001
6.6400	655	40.001
6.6450	656	40.001
6.6500	654	40.001
6.6550	654	40.001
6.6600	654	40.001
6.6650	654	40.001
6.6700	656	40.001
6.6750	656	40.001
6.6800	657	40.001
6.6850	656	40.001
6.6900	656	40.001
6.6950	656	40.001
6.7000	655	40.001
6.7050	655	40.001
6.7100	656	40.001
6.7150	655	40.001
6.7200	657	40.001
6.7250	657	40.001
6.7300	656	40.001
6.7350	655	40.001
6.7400	655	40.001
6.7450	656	40.001
6.7500	655	40.001
6.7550	656	28.572
6.7600	656	28.572
6.7650	656	28.572
6.7700	657	28.572
6.7750	655	28.572
6.7800	656	28.572
6.7850	656	28.572
6.7900	655	28.572
6.7950	655	28.572
6.8000	656	28.572
6.8050	655	28.572
6.8100	656	28.572
6.8150	655	28.572
6.8200	656	28.572
6.8250	654	28.572
6.8300	655	28.572
6.8350	656	28.572
6.8400	655	28.572
6.8450	655	28.572
6.8500	656	28.572
6.8550	655	28.572
6.8600	657	28.572
6.8650	656	28.572
6.8700	655	28.572
6.8750	656	28.572
6.8800	657	28.572
6.8850	658	28.572
6.8900	655	28.572
6.8950	656	28.572
6.9000	654	28.572
6.9050	655	28.572
6.9100	656	28.572
6.9150	654	28.572
6.9200	657	28.572
6.9250	655	28.572
6.9300	656	28.572
6.9350	654	28.572
6.9400	654	28.572
6.9450	656	28.572
6.9500	654	28.572
6.9550	655	28.572
6.9600	654	28.572
6.9650	655	28.572
6.9700	656	28.572
6.9750	655	28.572
6.9800	655	28.572
6.9850	655	28.572
6.9900	655	28.572
6.9950	656	28.572
7.0000	654	28.572
7.0050	656	25.000
7.0100	656	25.000
7.0150	655	25.000
7.0200	655	25.000
7.0250	655	25.000
7.0300	656	25.000
7.0350	656	25.000
7.0400	655	25.000
7.0450	657	25.000
7.0500	656	25.000
7.0550	656	25.000
7.0600	654	25.000
7.0650	656	25.000
7.0700	656	25.000
7.0750	656	25.000
7.0800	655	25.000
7.0850	655	25.000
7.0900	655	25.000
7.0950	655	25.000
7.1000	654	25.000
7.1050	655	25.000
7.1100	657	25.000
7.1150	653	25.000
7.1200	656	25.000
7.1250	656	25.000
7.1300	654	25.000
7.1350	654	25.000
7.1400	655	25.000
7.1450	655	25.000
7.1500	654	25.000
7.1550	655	25.000
7.1600	656	25.000
7.1650	655	25.000
7.1700	656	25.000
7.1750	655	25.000
7.1800	656	25.000
7.1850	656	25.000
7.1900	655	25.000
7.1950	656	25.000
7.2000	656	25.000
7.2050	655	25.000
7.2100	655	25.000
7.2150	654	25.000
7.2200	655	25.000
7.2250	656	25.000
7.2300	654	25.000
7.2350	656	25.000
7.2400	655	25.000
7.2450	656	25.000
7.2500	656	25.000
7.2550	654	39.998
7.2600	656	39.998
7.2650	655	39.998
7.2700	656	39.998
7.2750	655	39.998
7.2800	655	39.998
7.2850	655	39.998
7.2900	655	39.998
7.2950	655	39.998
7.3000	655	39.998
7.3050	654	39.998
7.3100	655	39.998
7.3150	656	39.998
7.3200	656	39.998
7.3250	655	39.998
7.3300	656	39.998
7.3350	655	39.998
7.3400	655	39.998
7.3450	656	39.998
7.3500	654	39.998
7.3550	655	39.998
7.3600	654	39.998
7.3650	656	39.998
7.3700	657	39.998
7.3750	656	39.998
7.3800	656	39.998
7.3850	656	39.998
7.3900	654	39.998
7.3950	656	39.998
7.4000	655	39.998
7.4050	654	39.998
7.4100	657	39.998
7.4150	655	39.998
7.4200	656	39.998
7.4250	656	39.998
7.4300	654	39.998
7.4350	655	39.998
7.4400	656	39.998
7.4450	656	39.998
7.4500	654	39.998
7.4550	656	39.998
7.4600	656	39.998
7.4650	654	39.998
7.4700	656	39.998
7.4750	653	39.998
7.4800	656	39.998
7.4850	657	39.998
7.4900	655	39.998
7.4950	656	39.998
7.5000	656	39.998
7.5050	655	39.999
7.5100	656	39.999
7.5150	654	39.999
7.5200	657	39.999
7.5250	656	39.999
7.5300	656	39.999
7.5350	657	39.999
7.5400	655	39.999
7.5450	657	39.999
7.5500	655	39.999
7.5550	656	39.999
7.5600	655	39.999
7.5650	655	39.999
7.5700	655	39.999
7.5750	656	39.999
7.5800	655	39.999
7.5850	655	39.999
7.5900	655	39.999
7.5950	655	39.999
7.6000	655	39.999
7.6050	655	39.999
7.6100	656	39.999
7.6150	655	39.999
7.6200	656	39.999
7.6250	655	39.999
7.6300	656	39.999
7.6350	655	39.999
7.6400	655	39.999
7.6450	655	39.999
7.6500	656	39.999
7.6550	657	39.999
7.6600	655	39.999
7.6650	656	39.999
7.6700	656	39.999
7.6750	655	39.999
7.6800	655	39.999
7.6850	657	39.999
7.6900	656	39.999
7.6950	656	39.999
7.7000	654	39.999
7.7050	657	39.999
7.7100	658	39.999
7.7150	654	39.999
7.7200	657	39.999
7.7250	656	39.999
7.7300	657	39.999
7.7350	656	39.999
7.7400	656	39.999
7.7450	656	39.999
7.7500	655	39.999
7.7550	656	50.001
7.7600	656	50.001
7.7650	656	50.001
7.7700	656	50.001
7.7750	655	50.001
7.7800	656	50.001
7.7850	656	50.001
7.7900	655	50.001
7.7950	656	50.001
7.8000	654	50.001
7.8050	655	50.001
7.8100	655	50.001
7.8150	655	50.001
7.8200	657	50.001
7.8250	655	50.001
7.8300	655	50.001
7.8350	657	50.001
7.8400	655	50.001
7.8450	656	50.001
7.8500	655	50.001
7.8550	655	50.001
7.8600	654	50.001
7.8650	654	50.001
7.8700	656	50.001
7.8750	656	50.001
7.8800	654	50.001
7.8850	656	50.001
7.8900	656	50.001
7.8950	655	50.001
7.9000	656	50.001
7.9050	656	50.001
7.9100	655	50.001
7.9150	656	50.001
7.9200	655	50.001
7.9250	655	50.001
7.9300	655	50.001
7.9350	657	50.001
7.9400	655	50.001
7.9450	656	50.001
7.9500	655	50.001
7.9550	655	50.001
7.9600	655	50.001
7.9650	656	50.001
7.9700	656	50.001
7.9750	654	50.001
7.9800	655	50.001
7.9850	656	50.001
7.9900	654	50.001
7.9950	656	50.001
8.0000	655	50.001
8.0050	655	40.001
8.0100	655	40.001
8.0150	654	40.001
8.0200	655	40.001
8.0250	655	40.001
8.0300	657	40.001
8.0350	656	40.001
8.0400	655	40.001
8.0450	656	40.001
8.0500	657	40.001
8.0550	656	40.001
8.0600	656	40.001
8.0650	656	40.001
8.0700	656	40.001
8.0750	654	40.001
8.0800	658	40.001
8.0850	656	40.001
8.0900	656	40.001
8.0950	656	40.001
8.1000	655	40.001
8.1050	654	40.001
8.1100	655	40.001
8.1150	654	40.001
8.1200	655	40.001
8.1250	656	40.001
8.1300	655	40.001
8.1350	655	40.001
8.1400	654	40.001
8.1450	656	40.001
8.1500	656	40.001
8.1550	656	40.001
8.1600	655	40.001
8.1650	655	40.001
8.1700	655	40.001
8.1750	654	40.001
8.1800	657	40.001
8.1850	656	40.001
8.1900	653	40.001
8.1950	657	40.001
8.2000	654	40.001
8.2050	656	40.001
8.2100	654	40.001
8.2150	655	40.001
8.2200	656	40.001
8.2250	654	40.001
8.2300	654	40.001
8.2350	654	40.001
8.2400	654	40.001
8.2450	655	40.001
8.2500	653	40.001
8.2550	655	50.002
8.2600	655	50.002
8.2650	654	50.002
8.2700	656	50.002
8.2750	655	50.002
8.2800	655	50.002
8.2850	656	50.002
8.2900	656	50.002
8.2950	656	50.002
8.3000	654	50.002
8.3050	656	50.002
8.3100	657	50.002
8.3150	654	50.002
8.3200	654	50.002
8.3250	655	50.002
8.3300	656	50.002
8.3350	656	50.002
8.3400	653	50.002
8.3450	656	50.002
8.3500	654	50.002
8.3550	656	50.002
8.3600	655	50.002
8.3650	654	50.002
8.3700	656	50.002
8.3750	654	50.002
8.3800	654	50.002
8.3850	657	50.002
8.3900	656	50.002
8.3950	655	50.002
8.4000	654	50.002
8.4050	655	50.002
8.4100	654	50.002
8.4150	656	50.002
8.4200	655	50.002
8.4250	654	50.002
8.4300	656	50.002
8.4350	656	50.002
8.4400	655	50.002
8.4450	655	50.002
8.4500	655	50.002
8.4550	656	50.002
8.4600	654	50.002
8.4650	654	50.002
8.4700	656	50.002
8.4750	653	50.002
8.4800	656	50.002
8.4850	656	50.002
8.4900	654	50.002
8.4950	656	50.002
8.5000	655	50.002
8.5050	655	40.000
8.5100	656	40.000
8.5150	655	40.000
8.5200	654	40.000
8.5250	653	40.000
8.5300	656	40.000
8.5350	654	40.000
8.5400	655	40.000
8.5450	655	40.000
8.5500	653	40.000
8.5550	656	40.000
8.5600	655	40.000
8.5650	654	40.000
8.5700	655	40.000
8.5750	654	40.000
8.5800	654	40.000
8.5850	655	40.000
8.5900	654	40.000
8.5950	655	40.000
8.6000	655	40.000
8.6050	656	40.000
8.6100	657	40.000
8.6150	655	40.000
8.6200	656	40.000
8.6250	656	40.000
8.6300	655	40.000
8.6350	656	40.000
8.6400	655	40.000
8.6450	656	40.000
8.6500	655	40.000
8.6550	657	40.000
8.6600	656	40.000
8.6650	655	40.000
8.6700	656	40.000
8.6750	655	40.000
8.6800	654	40.000
8.6850	656	40.000
8.6900	656	40.000
8.6950	654	40.000
8.7000	654	40.000
8.7050	656	40.000
8.7100	656	40.000
8.7150	655	40.000
8.7200	655	40.000
8.7250	656	40.000
8.7300	656	40.000
8.7350	654	40.000
8.7400	656	40.000
8.7450	655	40.000
8.7500	655	40.000
8.7550	657	33.333
8.7600	656	33.333
8.7650	654	33.333
8.7700	655	33.333
8.7750	655	33.333
8.7800	656	33.333
8.7850	654	33.333
8.7900	655	33.333
8.7950	654	33.333
8.8000	654	33.333
8.8050	655	33.333
8.8100	655	33.333
8.8150	654	33.333
8.8200	656	33.333
8.8250	655	33.333
8.8300	657	33.333
8.8350	656	33.333
8.8400	655	33.333
8.8450	655	33.333
8.8500	654	33.333
8.8550	655	33.333
8.8600	656	33.333
8.8650	655	33.333
8.8700	657	33.333
8.8750	654	33.333
8.8800	657	33.333
8.8850	656	33.333
8.8900	655	33.333
8.8950	656	33.333
8.9000	654	33.333
8.9050	656	33.333
8.9100	656	33.333
8.9150	655	33.333
8.9200	656	33.333
8.9250	655	33.333
8.9300	656	33.333
8.9350	655	33.333
8.9400	654	33.333
8.9450	655	33.333
8.9500	655	33.333
8.9550	654	33.333
8.9600	655	33.333
8.9650	655	33.333
8.9700	655	33.333
8.9750	656	33.333
8.9800	656	33.333
8.9850	655	33.333
8.9900	655	33.333
8.9950	656	33.333
9.0000	655	33.333
9.0050	656	22.222
9.0100	654	22.222
9.0150	655	22.222
9.0200	657	22.222
9.0250	654	22.222
9.0300	654	22.222
9.0350	655	22.222
9.0400	654	22.222
9.0450	656	22.222
9.0500	655	22.222
9.0550	656	22.222
9.0600	656	22.222
9.0650	654	22.222
9.0700	655	22.222
9.0750	655	22.222
9.0800	656	22.222
9.0850	655	22.222
9.0900	655	22.222
9.0950	656	22.222
9.1000	655	22.222
9.1050	656	22.222
9.1100	655	22.222
9.1150	654	22.222
9.1200	655	22.222
9.1250	655	22.222
9.1300	655	22.222
9.1350	656	22.222
9.1400	656	22.222
9.1450	657	22.222
9.1500	654	22.222
9.1550	654	22.222
9.1600	657	22.222
9.1650	656	22.222
9.1700	655	22.222
9.1750	655	22.222
9.1800	655	22.222
9.1850	656	22.222
9.1900	653	22.222
9.1950	657	22.222
9.2000	655	22.222
9.2050	654	22.222
9.2100	655	22.222
9.2150	656	22.222
9.2200	656	22.222
9.2250	655	22.222
9.2300	656	22.222
9.2350	654	22.222
9.2400	654	22.222
9.2450	655	22.222
9.2500	655	22.222
9.2550	656	28.571
9.2600	656	28.571
9.2650	656	28.571
9.2700	657	28.571
9.2750	654	28.571
9.2800	656	28.571
9.2850	655	28.571
9.2900	655	28.571
9.2950	655	28.571
9.3000	656	28.571
9.3050	656	28.571
9.3100	654	28.571
9.3150	655	28.571
9.3200	656	28.571
9.3250	654	28.571
9.3300	657	28.571
9.3350	657	28.571
9.3400	656	28.571
9.3450	655	28.571
9.3500	655	28.571
9.3550	654	28.571
9.3600	654	28.571
9.3650	656	28.571
9.3700	656	28.571
9.3750	653	28.571
9.3800	655	28.571
9.3850	656	28.571
9.3900	655	28.571
9.3950	656	28.571
9.4000	655	28.571
9.4050	656	28.571
9.4100	655	28.571
9.4150	656	28.571
9.4200	656	28.571
9.4250	653	28.571
9.4300	654	28.571
9.4350	655	28.571
9.4400	654	28.571
9.4450	657	28.571
9.4500	656	28.571
9.4550	656	28.571
9.4600	655	28.571
9.4650	654	28.571
9.4700	654	28.571
9.4750	655	28.571
9.4800	654	28.571
9.4850	655	28.571
9.4900	656	28.571
9.4950	655	28.571
9.5000	655	28.571
9.5050	656	8.696
9.5100	656	8.696
9.5150	654	8.696
9.5200	656	8.696
9.5250	654	8.696
9.5300	656	8.696
9.5350	656	8.696
9.5400	655	8.696
9.5450	655	8.696
9.5500	654	8.696
9.5550	654	8.696
9.5600	656	8.696
9.5650	654	8.696
9.5700	656	8.696
9.5750	656	8.696
9.5800	656	8.696
9.5850	654	8.696
9.5900	655	8.696
9.5950	656	8.696
9.6000	655	8.696
9.6050	655	8.696
9.6100	656	8.696
9.6150	654	8.696
9.6200	655	8.696
9.6250	656	8.696
9.6300	655	8.696
9.6350	654	8.696
9.6400	655	8.696
9.6450	656	8.696
9.6500	654	8.696
9.6550	654	8.696
9.6600	656	8.696
9.6650	655	8.696
9.6700	656	8.696
9.6750	655	8.696
9.6800	654	8.696
9.6850	654	8.696
9.6900	656	8.696
9.6950	655	8.696
9.7000	655	8.696
9.7050	655	8.696
9.7100	655	8.696
9.7150	655	8.696
9.7200	656	8.696
9.7250	654	8.696
9.7300	655	8.696
9.7350	655	8.696
9.7400	656	8.696
9.7450	655	8.696
9.7500	654	8.696
9.7550	656	20.000
9.7600	654	20.000
9.7650	655	20.000
9.7700	655	20.000
9.7750	656	20.000
9.7800	655	20.000
9.7850	656	20.000
9.7900	655	20.000
9.7950	655	20.000
9.8000	654	20.000
9.8050	656	20.000
9.8100	655	20.000
9.8150	654	20.000
9.8200	656	20.000
9.8250	655	20.000
9.8300	655	20.000
9.8350	655	20.000
9.8400	654	20.000
9.8450	655	20.000
9.8500	655	20.000
9.8550	655	20.000
9.8600	656	20.000
9.8650	654	20.000
9.8700	655	20.000
9.8750	654	20.000
9.8800	655	20.000
9.8850	655	20.000
9.8900	655	20.000
9.8950	655	20.000
9.9000	654	20.000
9.9050	654	20.000
9.9100	655	20.000
9.9150	654	20.000
9.9200	656	20.000
9.9250	654	20.000
9.9300	655	20.000
9.9350	656	20.000
9.9400	654	20.000
9.9450	656	20.000
9.9500	653	20.000
9.9550	658	20.000
9.9600	655	20.000
9.9650	655	20.000
9.9700	656	20.000
9.9750	654	20.000
9.9800	657	20.000
9.9850	655	20.000
9.9900	653	20.000
9.9950	654	20.000
10.0000	655	20.000
