0.0000	106	0.000	0
0.0050	106	0.000	0
0.0100	106	0.000	0
0.0150	106	0.000	0
0.0200	106	0.000	0
0.0250	106	0.000	0
0.0300	106	0.000	0
0.0350	106	0.000	0
0.0400	106	0.000	0
0.0450	106	0.000	0
0.0500	106	0.000	0
0.0550	106	0.000	0
0.0600	106	0.000	0
0.0650	106	0.000	0
0.0700	106	0.000	0
0.0750	106	0.000	0
0.0800	106	0.000	0
0.0850	106	0.000	0
0.0900	106	0.000	0
0.0950	106	0.000	0
0.1000	106	0.000	0
0.1050	106	0.000	0
0.1100	106	0.000	0
0.1150	106	0.000	0
0.1200	106	0.000	0
0.1250	106	0.000	0
0.1300	106	0.000	0
0.1350	106	0.000	0
0.1400	106	0.000	0
0.1450	106	0.000	0
0.1500	106	0.000	0
0.1550	106	0.000	0
0.1600	106	0.000	0
0.1650	106	0.000	0
0.1700	106	0.000	0
0.1750	106	0.000	0
0.1800	106	0.000	0
0.1850	106	0.000	0
0.1900	106	0.000	0
0.1950	106	0.000	0
0.2000	106	0.000	0
0.2050	106	0.000	0
0.2100	106	0.000	0
0.2150	106	0.000	0
0.2200	106	0.000	0
0.2250	106	0.000	0
0.2300	106	0.000	0
0.2350	106	0.000	0
0.2400	106	0.000	0
0.2450	106	0.000	0
0.2500	106	0.000	0
0.2550	106	0.000	0
0.2600	106	0.000	0
0.2650	106	0.000	0
0.2700	107	0.000	0
0.2750	110	0.000	0
0.2800	121	0.000	0
0.2850	150	0.000	0
0.2900	190	0.000	0
0.2950	223	0.000	0
0.3000	248	0.000	0
0.3050	266	0.000	0
0.3100	278	0.000	0
0.3150	282	0.000	0
0.3200	245	0.000	-1
0.3250	175	0.000	0
0.3300	128	0.000	0
0.3350	118	0.000	0
0.3400	121	0.000	0
0.3450	125	0.000	0
0.3500	124	0.000	0
0.3550	127	0.000	0
0.3600	150	0.000	1
0.3650	199	0.000	0
0.3700	234	0.000	0
0.3750	259	0.000	0
0.3800	271	0.000	0
0.3850	227	0.000	-1
0.3900	151	0.000	0
0.3950	109	0.000	0
0.4000	99	0.000	0
0.4050	95	0.000	0
0.4100	97	0.000	0
0.4150	106	0.000	0
0.4200	149	0.000	1
0.4250	193	0.000	0
0.4300	224	0.000	0
0.4350	236	0.000	0
0.4400	173	0.000	-1
0.4450	123	0.000	0
0.4500	119	0.000	0
0.4550	122	0.000	0
0.4600	123	0.000	0
0.4650	136	0.000	0
0.4700	187	0.000	1
0.4750	225	0.000	0
0.4800	250	0.000	0
0.4850	244	0.000	0
0.4900	170	0.000	-1
0.4950	113	0.000	0
0.5000	100	0.000	0
0.5050	95	9.524	0
0.5100	99	9.524	0
0.5150	120	9.524	1
0.5200	170	9.524	0
0.5250	208	9.524	0
0.5300	232	9.524	0
0.5350	190	9.524	-1
0.5400	128	9.524	0
0.5450	119	9.524	0
0.5500	121	9.524	0
0.5550	122	9.524	0
0.5600	135	9.524	0
0.5650	186	9.524	1
0.5700	224	9.524	0
0.5750	250	9.524	0
0.5800	256	9.524	0
0.5850	193	9.524	-1
0.5900	122	9.524	0
0.5950	103	9.524	0
0.6000	96	9.524	0
0.6050	95	9.524	0
0.6100	103	9.524	0
0.6150	136	9.524	1
0.6200	183	9.524	0
0.6250	217	9.524	0
0.6300	237	9.524	0
0.6350	189	9.524	-1
0.6400	128	9.524	0
0.6450	118	9.524	0
0.6500	121	9.524	0
0.6550	121	9.524	0
0.6600	128	9.524	0
0.6650	168	9.524	1
0.6700	212	9.524	0
0.6750	243	9.524	0
0.6800	262	9.524	0
0.6850	242	9.524	-1
0.6900	172	9.524	0
0.6950	115	9.524	0
0.7000	101	9.524	0
0.7050	96	9.524	0
0.7100	95	9.524	0
0.7150	103	9.524	0
0.7200	136	9.524	1
0.7250	183	9.524	0
0.7300	217	9.524	0
0.7350	239	9.524	0
0.7400	210	9.524	-1
0.7450	140	9.524	0
0.7500	118	9.524	0
0.7550	120	9.524	0
0.7600	121	9.524	0
0.7650	123	9.524	0
0.7700	138	9.524	0
0.7750	189	9.524	1
0.7800	226	9.524	0
0.7850	252	9.524	0
0.7900	263	9.524	0
0.7950	214	9.524	-1
0.8000	142	9.524	0
0.8050	107	9.524	0
0.8100	98	9.524	0
0.8150	94	9.524	0
0.8200	96	9.524	0
0.8250	104	9.524	0
0.8300	136	9.524	1
0.8350	183	9.524	0
0.8400	217	9.524	0
0.8450	241	9.524	0
0.8500	237	9.524	0
0.8550	170	9.524	-1
0.8600	123	9.524	0
0.8650	116	9.524	0
0.8700	120	9.524	0
0.8750	120	9.524	0
0.8800	123	9.524	0
0.8850	139	9.524	1
0.8900	189	9.524	0
0.8950	226	9.524	0
0.9000	253	9.524	0
0.9050	268	9.524	0
0.9100	240	9.524	-1
0.9150	172	9.524	0
0.9200	115	9.524	0
0.9250	101	9.524	0
0.9300	96	9.524	0
0.9350	94	9.524	0
0.9400	98	9.524	0
0.9450	108	9.524	0
0.9500	147	9.524	1
0.9550	191	9.524	0
0.9600	223	9.524	0
0.9650	245	9.524	0
0.9700	244	9.524	0
0.9750	180	9.524	-1
0.9800	127	9.524	0
0.9850	116	9.524	0
0.9900	118	9.524	0
0.9950	120	9.524	0
1.0000	120	9.524	0
1.0050	126	8.333	0
1.0100	151	8.333	1
1.0150	200	8.333	0
1.0200	234	8.333	0
1.0250	258	8.333	0
1.0300	273	8.333	0
1.0350	262	8.333	0
1.0400	197	8.333	-1
1.0450	132	8.333	0
1.0500	105	8.333	0
1.0550	98	8.333	0
1.0600	94	8.333	0
1.0650	93	8.333	0
1.0700	98	8.333	0
1.0750	107	8.333	0
1.0800	144	8.333	1
1.0850	188	8.333	0
1.0900	221	8.333	0
1.0950	244	8.333	0
1.1000	257	8.333	0
1.1050	225	8.333	-1
1.1100	162	8.333	0
1.1150	122	8.333	0
1.1200	114	8.333	0
1.1250	117	8.333	0
1.1300	120	8.333	0
1.1350	120	8.333	0
1.1400	123	8.333	0
1.1450	132	8.333	0
1.1500	167	8.333	1
1.1550	211	8.333	0
1.1600	243	8.333	0
1.1650	265	8.333	0
1.1700	280	8.333	0
1.1750	284	8.333	0
1.1800	248	8.333	-1
1.1850	189	8.333	0
1.1900	131	8.333	0
1.1950	106	8.333	0
1.2000	98	8.333	0
1.2050	95	8.333	0
1.2100	92	8.333	0
1.2150	93	8.333	0
1.2200	99	8.333	0
1.2250	107	8.333	0
1.2300	137	8.333	1
1.2350	181	8.333	0
1.2400	216	8.333	0
1.2450	241	8.333	0
1.2500	259	8.333	0
1.2550	266	6.667	0
1.2600	231	6.667	-1
1.2650	170	6.667	0
1.2700	126	6.667	0
1.2750	114	6.667	0
1.2800	114	6.667	0
1.2850	119	6.667	0
1.2900	120	6.667	0
1.2950	119	6.667	0
1.3000	122	6.667	0
1.3050	127	6.667	0
1.3100	143	6.667	1
1.3150	185	6.667	0
1.3200	224	6.667	0
1.3250	253	6.667	0
1.3300	273	6.667	0
1.3350	287	6.667	0
1.3400	295	6.667	0
1.3450	291	6.667	0
1.3500	250	6.667	-1
1.3550	194	6.667	0
1.3600	143	6.667	0
1.3650	110	6.667	0
1.3700	100	6.667	0
1.3750	96	6.667	0
1.3800	93	6.667	0
1.3850	92	6.667	0
1.3900	92	6.667	0
1.3950	95	6.667	0
1.4000	101	6.667	0
1.4050	110	6.667	0
1.4100	138	6.667	1
1.4150	180	6.667	0
1.4200	215	6.667	0
1.4250	241	6.667	0
1.4300	260	6.667	0
1.4350	273	6.667	0
1.4400	278	6.667	0
1.4450	262	6.667	-1
1.4500	210	6.667	0
1.4550	164	6.667	0
1.4600	127	6.667	0
1.4650	113	6.667	0
1.4700	110	6.667	0
1.4750	112	6.667	0
1.4800	116	6.667	0
1.4850	119	6.667	0
1.4900	119	6.667	0
1.4950	119	6.667	0
1.5000	121	6.667	0
1.5050	125	5.405	0
1.5100	134	5.405	0
1.5150	160	5.405	1
1.5200	202	5.405	0
1.5250	236	5.405	0
1.5300	262	5.405	0
1.5350	280	5.405	0
1.5400	293	5.405	0
1.5450	302	5.405	0
1.5500	306	5.405	0
1.5550	301	5.405	0
1.5600	271	5.405	-1
1.5650	218	5.405	0
1.5700	178	5.405	0
1.5750	137	5.405	0
1.5800	110	5.405	0
1.5850	100	5.405	0
1.5900	95	5.405	0
1.5950	94	5.405	0
1.6000	92	5.405	0
1.6050	91	5.405	0
1.6100	91	5.405	0
1.6150	92	5.405	0
1.6200	95	5.405	0
1.6250	100	5.405	0
1.6300	105	5.405	0
1.6350	117	5.405	0
1.6400	146	5.405	1
1.6450	184	5.405	0
1.6500	218	5.405	0
1.6550	243	5.405	0
1.6600	262	5.405	0
1.6650	276	5.405	0
1.6700	286	5.405	0
1.6750	292	5.405	0
1.6800	292	5.405	0
1.6850	275	5.405	-1
1.6900	232	5.405	0
1.6950	184	5.405	0
1.7000	150	5.405	0
1.7050	123	5.405	0
1.7100	112	5.405	0
1.7150	109	5.405	0
1.7200	110	5.405	0
1.7250	112	5.405	0
1.7300	116	5.405	0
1.7350	119	5.405	0
1.7400	120	5.405	0
1.7450	119	5.405	0
1.7500	119	5.405	0
1.7550	121	4.167	0
1.7600	124	4.167	0
1.7650	130	4.167	0
1.7700	141	4.167	0
1.7750	169	4.167	1
1.7800	208	4.167	0
1.7850	242	4.167	0
1.7900	266	4.167	0
1.7950	283	4.167	0
1.8000	296	4.167	0
1.8050	306	4.167	0
1.8100	312	4.167	0
1.8150	316	4.167	0
1.8200	315	4.167	0
1.8250	308	4.167	0
1.8300	282	4.167	-1
1.8350	232	4.167	0
1.8400	192	4.167	0
1.8450	158	4.167	0
1.8500	123	4.167	0
1.8550	106	4.167	0
1.8600	98	4.167	0
1.8650	95	4.167	0
1.8700	93	4.167	0
1.8750	92	4.167	0
1.8800	91	4.167	0
1.8850	91	4.167	0
1.8900	91	4.167	0
1.8950	92	4.167	0
1.9000	96	4.167	0
1.9050	100	4.167	0
1.9100	105	4.167	0
1.9150	114	4.167	0
1.9200	138	4.167	1
1.9250	173	4.167	0
1.9300	209	4.167	0
1.9350	237	4.167	0
1.9400	257	4.167	0
1.9450	273	4.167	0
1.9500	284	4.167	0
1.9550	292	4.167	0
1.9600	295	4.167	0
1.9650	290	4.167	0
1.9700	264	4.167	-1
1.9750	215	4.167	0
1.9800	172	4.167	0
1.9850	139	4.167	0
1.9900	118	4.167	0
1.9950	110	4.167	0
2.0000	109	4.167	0
2.0050	110	3.509	0
2.0100	113	3.509	0
2.0150	117	3.509	0
2.0200	119	3.509	0
2.0250	119	3.509	0
2.0300	119	3.509	0
2.0350	120	3.509	0
2.0400	123	3.509	0
2.0450	127	3.509	0
2.0500	137	3.509	0
2.0550	160	3.509	1
2.0600	200	3.509	0
2.0650	236	3.509	0
2.0700	262	3.509	0
2.0750	280	3.509	0
2.0800	293	3.509	0
2.0850	303	3.509	0
2.0900	308	3.509	0
2.0950	310	3.509	0
2.1000	302	3.509	0
2.1050	266	3.509	-1
2.1100	213	3.509	0
2.1150	175	3.509	0
2.1200	134	3.509	0
2.1250	109	3.509	0
2.1300	99	3.509	0
2.1350	95	3.509	0
2.1400	94	3.509	0
2.1450	92	3.509	0
2.1500	91	3.509	0
2.1550	91	3.509	0
2.1600	93	3.509	0
2.1650	96	3.509	0
2.1700	102	3.509	0
2.1750	110	3.509	0
2.1800	134	3.509	1
2.1850	172	3.509	0
2.1900	209	3.509	0
2.1950	237	3.509	0
2.2000	257	3.509	0
2.2050	272	3.509	0
2.2100	282	3.509	0
2.2150	285	3.509	0
2.2200	268	3.509	-1
2.2250	215	3.509	0
2.2300	167	3.509	0
2.2350	130	3.509	0
2.2400	114	3.509	0
2.2450	110	3.509	0
2.2500	112	3.509	0
2.2550	116	4.000	0
2.2600	119	4.000	0
2.2650	120	4.000	0
2.2700	119	4.000	0
2.2750	122	4.000	0
2.2800	126	4.000	0
2.2850	136	4.000	0
2.2900	166	4.000	1
2.2950	209	4.000	0
2.3000	242	4.000	0
2.3050	265	4.000	0
2.3100	282	4.000	0
2.3150	294	4.000	0
2.3200	301	4.000	0
2.3250	299	4.000	0
2.3300	268	4.000	-1
2.3350	210	4.000	0
2.3400	165	4.000	0
2.3450	121	4.000	0
2.3500	103	4.000	0
2.3550	97	4.000	0
2.3600	94	4.000	0
2.3650	93	4.000	0
2.3700	91	4.000	0
2.3750	92	4.000	0
2.3800	96	4.000	0
2.3850	102	4.000	0
2.3900	113	4.000	0
2.3950	146	4.000	1
2.4000	188	4.000	0
2.4050	221	4.000	0
2.4100	245	4.000	0
2.4150	263	4.000	0
2.4200	274	4.000	0
2.4250	274	4.000	0
2.4300	236	4.000	-1
2.4350	178	4.000	0
2.4400	133	4.000	0
2.4450	115	4.000	0
2.4500	112	4.000	0
2.4550	114	4.000	0
2.4600	119	4.000	0
2.4650	120	4.000	0
2.4700	119	4.000	0
2.4750	122	4.000	0
2.4800	128	4.000	0
2.4850	144	4.000	1
2.4900	187	4.000	0
2.4950	226	4.000	0
2.5000	253	4.000	0
2.5050	273	5.128	0
2.5100	287	5.128	0
2.5150	294	5.128	0
2.5200	288	5.128	0
2.5250	239	5.128	-1
2.5300	186	5.128	0
2.5350	134	5.128	0
2.5400	107	5.128	0
2.5450	98	5.128	0
2.5500	95	5.128	0
2.5550	93	5.128	0
2.5600	92	5.128	0
2.5650	93	5.128	0
2.5700	98	5.128	0
2.5750	105	5.128	0
2.5800	127	5.128	1
2.5850	168	5.128	0
2.5900	206	5.128	0
2.5950	234	5.128	0
2.6000	255	5.128	0
2.6050	269	5.128	0
2.6100	272	5.128	0
2.6150	236	5.128	-1
2.6200	176	5.128	0
2.6250	131	5.128	0
2.6300	115	5.128	0
2.6350	112	5.128	0
2.6400	116	5.128	0
2.6450	119	5.128	0
2.6500	119	5.128	0
2.6550	120	5.128	0
2.6600	123	5.128	0
2.6650	133	5.128	0
2.6700	164	5.128	1
2.6750	208	5.128	0
2.6800	241	5.128	0
2.6850	264	5.128	0
2.6900	281	5.128	0
2.6950	291	5.128	0
2.7000	293	5.128	0
2.7050	261	5.128	-1
2.7100	202	5.128	0
2.7150	149	5.128	0
2.7200	112	5.128	0
2.7250	100	5.128	0
2.7300	96	5.128	0
2.7350	93	5.128	0
2.7400	92	5.128	0
2.7450	93	5.128	0
2.7500	97	5.128	0
2.7550	104	5.556	0
2.7600	123	5.556	1
2.7650	163	5.556	0
2.7700	202	5.556	0
2.7750	231	5.556	0
2.7800	253	5.556	0
2.7850	267	5.556	0
2.7900	270	5.556	0
2.7950	234	5.556	-1
2.8000	174	5.556	0
2.8050	129	5.556	0
2.8100	114	5.556	0
2.8150	113	5.556	0
2.8200	116	5.556	0
2.8250	119	5.556	0
2.8300	119	5.556	0
2.8350	120	5.556	0
2.8400	124	5.556	0
2.8450	135	5.556	0
2.8500	168	5.556	1
2.8550	212	5.556	0
2.8600	244	5.556	0
2.8650	266	5.556	0
2.8700	282	5.556	0
2.8750	293	5.556	0
2.8800	294	5.556	0
2.8850	268	5.556	-1
2.8900	210	5.556	0
2.8950	162	5.556	0
2.9000	118	5.556	0
2.9050	102	5.556	0
2.9100	97	5.556	0
2.9150	94	5.556	0
2.9200	92	5.556	0
2.9250	92	5.556	0
2.9300	94	5.556	0
2.9350	100	5.556	0
2.9400	108	5.556	0
2.9450	138	5.556	1
2.9500	180	5.556	0
2.9550	215	5.556	0
2.9600	241	5.556	0
2.9650	259	5.556	0
2.9700	272	5.556	0
2.9750	270	5.556	0
2.9800	226	5.556	-1
2.9850	169	5.556	0
2.9900	127	5.556	0
2.9950	114	5.556	0
3.0000	112	5.556	0
3.0050	116	5.405	0
3.0100	119	5.405	0
3.0150	119	5.405	0
3.0200	120	5.405	0
3.0250	123	5.405	0
3.0300	132	5.405	0
3.0350	158	5.405	1
3.0400	203	5.405	0
3.0450	237	5.405	0
3.0500	262	5.405	0
3.0550	279	5.405	0
3.0600	291	5.405	0
3.0650	296	5.405	0
3.0700	282	5.405	-1
3.0750	227	5.405	0
3.0800	179	5.405	0
3.0850	129	5.405	0
3.0900	106	5.405	0
3.0950	98	5.405	0
3.1000	95	5.405	0
3.1050	93	5.405	0
3.1100	92	5.405	0
3.1150	92	5.405	0
3.1200	96	5.405	0
3.1250	102	5.405	0
3.1300	113	5.405	0
3.1350	146	5.405	1
3.1400	188	5.405	0
3.1450	221	5.405	0
3.1500	245	5.405	0
3.1550	262	5.405	0
3.1600	274	5.405	0
3.1650	272	5.405	0
3.1700	228	5.405	-1
3.1750	172	5.405	0
3.1800	129	5.405	0
3.1850	114	5.405	0
3.1900	112	5.405	0
3.1950	115	5.405	0
3.2000	119	5.405	0
3.2050	119	5.405	0
3.2100	119	5.405	0
3.2150	121	5.405	0
3.2200	128	5.405	0
3.2250	143	5.405	1
3.2300	185	5.405	0
3.2350	224	5.405	0
3.2400	252	5.405	0
3.2450	273	5.405	0
3.2500	287	5.405	0
3.2550	296	5.263	0
3.2600	297	5.263	0
3.2650	274	5.263	-1
3.2700	218	5.263	0
3.2750	173	5.263	0
3.2800	126	5.263	0
3.2850	105	5.263	0
3.2900	98	5.263	0
3.2950	95	5.263	0
3.3000	93	5.263	0
3.3050	91	5.263	0
3.3100	92	5.263	0
3.3150	95	5.263	0
3.3200	101	5.263	0
3.3250	109	5.263	0
3.3300	137	5.263	1
3.3350	179	5.263	0
3.3400	214	5.263	0
3.3450	240	5.263	0
3.3500	259	5.263	0
3.3550	273	5.263	0
3.3600	278	5.263	0
3.3650	261	5.263	-1
3.3700	204	5.263	0
3.3750	156	5.263	0
3.3800	122	5.263	0
3.3850	112	5.263	0
3.3900	112	5.263	0
3.3950	115	5.263	0
3.4000	119	5.263	0
3.4050	119	5.263	0
3.4100	119	5.263	0
3.4150	121	5.263	0
3.4200	127	5.263	0
3.4250	141	5.263	1
3.4300	179	5.263	0
3.4350	220	5.263	0
3.4400	249	5.263	0
3.4450	270	5.263	0
3.4500	286	5.263	0
3.4550	296	5.263	0
3.4600	300	5.263	0
3.4650	290	5.263	0
3.4700	243	5.263	-1
3.4750	192	5.263	0
3.4800	146	5.263	0
3.4850	113	5.263	0
3.4900	101	5.263	0
3.4950	96	5.263	0
3.5000	94	5.263	0
3.5050	92	4.878	0
3.5100	91	4.878	0
3.5150	92	4.878	0
3.5200	96	4.878	0
3.5250	102	4.878	0
3.5300	112	4.878	0
3.5350	142	4.878	1
3.5400	184	4.878	0
3.5450	218	4.878	0
3.5500	243	4.878	0
3.5550	261	4.878	0
3.5600	274	4.878	0
3.5650	280	4.878	0
3.5700	264	4.878	-1
3.5750	209	4.878	0
3.5800	161	4.878	0
3.5850	124	4.878	0
3.5900	113	4.878	0
3.5950	111	4.878	0
3.6000	114	4.878	0
3.6050	118	4.878	0
3.6100	119	4.878	0
3.6150	119	4.878	0
3.6200	120	4.878	0
3.6250	124	4.878	0
3.6300	134	4.878	0
3.6350	160	4.878	1
3.6400	204	4.878	0
3.6450	238	4.878	0
3.6500	262	4.878	0
3.6550	280	4.878	0
3.6600	292	4.878	0
3.6650	300	4.878	0
3.6700	299	4.878	0
3.6750	271	4.878	-1
3.6800	214	4.878	0
3.6850	169	4.878	0
3.6900	124	4.878	0
3.6950	104	4.878	0
3.7000	97	4.878	0
3.7050	95	4.878	0
3.7100	93	4.878	0
3.7150	91	4.878	0
3.7200	92	4.878	0
3.7250	95	4.878	0
3.7300	100	4.878	0
3.7350	107	4.878	0
3.7400	131	4.878	1
3.7450	171	4.878	0
3.7500	208	4.878	0
3.7550	236	4.878	0
3.7600	256	4.878	0
3.7650	271	4.878	0
3.7700	280	4.878	0
3.7750	274	4.878	0
3.7800	231	4.878	-1
3.7850	175	4.878	0
3.7900	133	4.878	0
3.7950	115	4.878	0
3.8000	111	4.878	0
3.8050	113	4.878	0
3.8100	117	4.878	0
3.8150	119	4.878	0
3.8200	119	4.878	0
3.8250	120	4.878	0
3.8300	123	4.878	0
3.8350	131	4.878	0
3.8400	151	4.878	1
3.8450	195	4.878	0
3.8500	231	4.878	0
3.8550	258	4.878	0
3.8600	276	4.878	0
3.8650	290	4.878	0
3.8700	298	4.878	0
3.8750	300	4.878	0
3.8800	282	4.878	-1
3.8850	228	4.878	0
3.8900	182	4.878	0
3.8950	134	4.878	0
3.9000	108	4.878	0
3.9050	99	4.878	0
3.9100	95	4.878	0
3.9150	93	4.878	0
3.9200	92	4.878	0
3.9250	91	4.878	0
3.9300	94	4.878	0
3.9350	99	4.878	0
3.9400	105	4.878	0
3.9450	123	4.878	1
3.9500	160	4.878	0
3.9550	200	4.878	0
3.9600	230	4.878	0
3.9650	252	4.878	0
3.9700	267	4.878	0
3.9750	278	4.878	0
3.9800	277	4.878	0
3.9850	240	4.878	-1
3.9900	182	4.878	0
3.9950	138	4.878	0
4.0000	116	4.878	0
4.0050	111	4.878	0
4.0100	112	4.878	0
4.0150	117	4.878	0
4.0200	119	4.878	0
4.0250	119	4.878	0
4.0300	119	4.878	0
4.0350	123	4.878	0
4.0400	130	4.878	0
4.0450	149	4.878	1
4.0500	192	4.878	0
4.0550	230	4.878	0
4.0600	256	4.878	0
4.0650	275	4.878	0
4.0700	290	4.878	0
4.0750	298	4.878	0
4.0800	300	4.878	0
4.0850	283	4.878	-1
4.0900	227	4.878	0
4.0950	180	4.878	0
4.1000	132	4.878	0
4.1050	107	4.878	0
4.1100	98	4.878	0
4.1150	95	4.878	0
4.1200	93	4.878	0
4.1250	92	4.878	0
4.1300	92	4.878	0
4.1350	94	4.878	0
4.1400	99	4.878	0
4.1450	106	4.878	0
4.1500	128	4.878	1
4.1550	168	4.878	0
4.1600	206	4.878	0
4.1650	234	4.878	0
4.1700	255	4.878	0
4.1750	270	4.878	0
4.1800	278	4.878	0
4.1850	272	4.878	0
4.1900	224	4.878	-1
4.1950	170	4.878	0
4.2000	129	4.878	0
4.2050	114	4.878	0
4.2100	111	4.878	0
4.2150	113	4.878	0
4.2200	118	4.878	0
4.2250	119	4.878	0
4.2300	119	4.878	0
4.2350	120	4.878	0
4.2400	124	4.878	0
4.2450	134	4.878	0
4.2500	163	4.878	1
4.2550	207	4.878	0
4.2600	240	4.878	0
4.2650	264	4.878	0
4.2700	281	4.878	0
4.2750	293	4.878	0
4.2800	299	4.878	0
4.2850	295	4.878	0
4.2900	257	4.878	-1
4.2950	201	4.878	0
4.3000	154	4.878	0
4.3050	115	4.878	0
4.3100	101	4.878	0
4.3150	96	4.878	0
4.3200	94	4.878	0
4.3250	92	4.878	0
4.3300	91	4.878	0
4.3350	93	4.878	0
4.3400	98	4.878	0
4.3450	104	4.878	0
4.3500	119	4.878	1
4.3550	155	4.878	0
4.3600	195	4.878	0
4.3650	226	4.878	0
4.3700	249	4.878	0
4.3750	266	4.878	0
4.3800	277	4.878	0
4.3850	275	4.878	0
4.3900	236	4.878	-1
4.3950	179	4.878	0
4.4000	135	4.878	0
4.4050	115	4.878	0
4.4100	111	4.878	0
4.4150	113	4.878	0
4.4200	118	4.878	0
4.4250	120	4.878	0
4.4300	119	4.878	0
4.4350	120	4.878	0
4.4400	124	4.878	0
4.4450	134	4.878	0
4.4500	164	4.878	1
4.4550	208	4.878	0
4.4600	241	4.878	0
4.4650	264	4.878	0
4.4700	281	4.878	0
4.4750	293	4.878	0
4.4800	299	4.878	0
4.4850	292	4.878	0
4.4900	246	4.878	-1
4.4950	193	4.878	0
4.5000	143	4.878	0
4.5050	111	5.000	0
4.5100	100	5.000	0
4.5150	96	5.000	0
4.5200	93	5.000	0
4.5250	92	5.000	0
4.5300	92	5.000	0
4.5350	94	5.000	0
4.5400	100	5.000	0
4.5450	107	5.000	0
4.5500	130	5.000	1
4.5550	170	5.000	0
4.5600	208	5.000	0
4.5650	235	5.000	0
4.5700	256	5.000	0
4.5750	270	5.000	0
4.5800	278	5.000	0
4.5850	263	5.000	-1
4.5900	207	5.000	0
4.5950	156	5.000	0
4.6000	122	5.000	0
4.6050	112	5.000	0
4.6100	112	5.000	0
4.6150	116	5.000	0
4.6200	119	5.000	0
4.6250	119	5.000	0
4.6300	119	5.000	0
4.6350	123	5.000	0
4.6400	130	5.000	0
4.6450	151	5.000	1
4.6500	196	5.000	0
4.6550	232	5.000	0
4.6600	258	5.000	0
4.6650	277	5.000	0
4.6700	290	5.000	0
4.6750	297	5.000	0
4.6800	295	5.000	0
4.6850	260	5.000	-1
4.6900	204	5.000	0
4.6950	158	5.000	0
4.7000	117	5.000	0
4.7050	102	5.000	0
4.7100	96	5.000	0
4.7150	94	5.000	0
4.7200	92	5.000	0
4.7250	91	5.000	0
4.7300	93	5.000	0
4.7350	97	5.000	0
4.7400	103	5.000	0
4.7450	119	5.000	1
4.7500	155	5.000	0
4.7550	196	5.128	0
4.7600	227	5.128	0
4.7650	249	5.128	0
4.7700	266	5.128	0
4.7750	276	5.128	0
4.7800	270	5.128	0
4.7850	221	5.128	-1
4.7900	167	5.128	0
4.7950	127	5.128	0
4.8000	113	5.128	0
4.8050	112	5.128	0
4.8100	115	5.128	0
4.8150	119	5.128	0
4.8200	119	5.128	0
4.8250	119	5.128	0
4.8300	122	5.128	0
4.8350	128	5.128	0
4.8400	143	5.128	1
4.8450	183	5.128	0
4.8500	223	5.128	0
4.8550	252	5.128	0
4.8600	272	5.128	0
4.8650	287	5.128	0
4.8700	297	5.128	0
4.8750	300	5.128	0
4.8800	286	5.128	-1
4.8850	233	5.128	0
4.8900	184	5.128	0
4.8950	135	5.128	0
4.9000	108	5.128	0
4.9050	99	5.128	0
4.9100	95	5.128	0
4.9150	93	5.128	0
4.9200	92	5.128	0
4.9250	92	5.128	0
4.9300	95	5.128	0
4.9350	100	5.128	0
4.9400	107	5.128	0
4.9450	133	5.128	1
4.9500	174	5.128	0
4.9550	210	5.128	0
4.9600	237	5.128	0
4.9650	257	5.128	0
4.9700	271	5.128	0
4.9750	278	5.128	0
4.9800	264	5.128	-1
4.9850	208	5.128	0
4.9900	159	5.128	0
4.9950	123	5.128	0
5.0000	113	5.128	0
5.0050	112	5.128	0
5.0100	115	5.128	0
5.0150	119	5.128	0
5.0200	119	5.128	0
5.0250	119	5.128	0
5.0300	121	5.128	0
5.0350	127	5.128	0
5.0400	140	5.128	0
5.0450	178	5.128	1
5.0500	220	5.128	0
5.0550	249	5.128	0
5.0600	270	5.128	0
5.0650	286	5.128	0
5.0700	296	5.128	0
5.0750	299	5.128	0
5.0800	287	5.128	0
5.0850	235	5.128	-1
5.0900	185	5.128	0
5.0950	137	5.128	0
5.1000	109	5.128	0
5.1050	99	5.128	0
5.1100	95	5.128	0
5.1150	93	5.128	0
5.1200	92	5.128	0
5.1250	92	5.128	0
5.1300	94	5.128	0
5.1350	99	5.128	0
5.1400	106	5.128	0
5.1450	128	5.128	1
5.1500	167	5.128	0
5.1550	205	5.128	0
5.1600	234	5.128	0
5.1650	255	5.128	0
5.1700	270	5.128	0
5.1750	279	5.128	0
5.1800	273	5.128	0
5.1850	228	5.128	-1
5.1900	173	5.128	0
5.1950	131	5.128	0
5.2000	115	5.128	0
5.2050	111	5.128	0
5.2100	114	5.128	0
5.2150	118	5.128	0
5.2200	120	5.128	0
5.2250	119	5.128	0
5.2300	120	5.128	0
5.2350	124	5.128	0
5.2400	133	5.128	0
5.2450	161	5.128	1
5.2500	205	5.128	0
5.2550	239	5.000	0
5.2600	263	5.000	0
5.2650	280	5.000	0
5.2700	292	5.000	0
5.2750	299	5.000	0
5.2800	296	5.000	0
5.2850	262	5.000	-1
5.2900	205	5.000	0
5.2950	159	5.000	0
5.3000	118	5.000	0
5.3050	102	5.000	0
5.3100	97	5.000	0
5.3150	94	5.000	0
5.3200	93	5.000	0
5.3250	91	5.000	0
5.3300	92	5.000	0
5.3350	96	5.000	0
5.3400	102	5.000	0
5.3450	112	5.000	0
5.3500	142	5.000	1
5.3550	183	5.000	0
5.3600	217	5.000	0
5.3650	243	5.000	0
5.3700	261	5.000	0
5.3750	274	5.000	0
5.3800	279	5.000	0
5.3850	258	5.000	-1
5.3900	201	5.000	0
5.3950	153	5.000	0
5.4000	121	5.000	0
5.4050	112	5.000	0
5.4100	112	5.000	0
5.4150	115	5.000	0
5.4200	119	5.000	0
5.4250	119	5.000	0
5.4300	119	5.000	0
5.4350	121	5.000	0
5.4400	127	5.000	0
5.4450	141	5.000	1
5.4500	181	5.000	0
5.4550	221	5.000	0
5.4600	251	5.000	0
5.4650	271	5.000	0
5.4700	286	5.000	0
5.4750	296	5.000	0
5.4800	300	5.000	0
5.4850	288	5.000	0
5.4900	238	5.000	-1
5.4950	189	5.000	0
5.5000	143	5.000	0
5.5050	111	4.878	0
5.5100	100	4.878	0
5.5150	96	4.878	0
5.5200	94	4.878	0
5.5250	92	4.878	0
5.5300	91	4.878	0
5.5350	93	4.878	0
5.5400	98	4.878	0
5.5450	104	4.878	0
5.5500	120	4.878	1
5.5550	156	4.878	0
5.5600	197	4.878	0
5.5650	227	4.878	0
5.5700	250	4.878	0
5.5750	266	4.878	0
5.5800	277	4.878	0
5.5850	277	4.878	0
5.5900	243	4.878	-1
5.5950	185	4.878	0
5.6000	140	4.878	0
5.6050	117	4.878	0
5.6100	111	4.878	0
5.6150	112	4.878	0
5.6200	116	4.878	0
5.6250	119	4.878	0
5.6300	119	4.878	0
5.6350	120	4.878	0
5.6400	123	4.878	0
5.6450	130	4.878	0
5.6500	148	4.878	1
5.6550	191	4.878	0
5.6600	229	4.878	0
5.6650	256	4.878	0
5.6700	275	4.878	0
5.6750	289	4.878	0
5.6800	297	4.878	0
5.6850	298	4.878	0
5.6900	273	4.878	-1
5.6950	216	4.878	0
5.7000	171	4.878	0
5.7050	124	4.878	0
5.7100	104	4.878	0
5.7150	97	4.878	0
5.7200	95	4.878	0
5.7250	93	4.878	0
5.7300	91	4.878	0
5.7350	92	4.878	0
5.7400	96	4.878	0
5.7450	101	4.878	0
5.7500	111	4.878	0
5.7550	140	5.000	1
5.7600	181	5.000	0
5.7650	216	5.000	0
5.7700	241	5.000	0
5.7750	260	5.000	0
5.7800	273	5.000	0
5.7850	279	5.000	0
5.7900	260	5.000	-1
5.7950	203	5.000	0
5.8000	154	5.000	0
5.8050	122	5.000	0
5.8100	112	5.000	0
5.8150	112	5.000	0
5.8200	116	5.000	0
5.8250	119	5.000	0
5.8300	120	5.000	0
5.8350	119	5.000	0
5.8400	122	5.000	0
5.8450	128	5.000	0
5.8500	143	5.000	1
5.8550	184	5.000	0
5.8600	224	5.000	0
5.8650	252	5.000	0
5.8700	272	5.000	0
5.8750	287	5.000	0
5.8800	297	5.000	0
5.8850	298	5.000	0
5.8900	281	5.000	-1
5.8950	225	5.000	0
5.9000	178	5.000	0
5.9050	129	5.000	0
5.9100	106	5.000	0
5.9150	98	5.000	0
5.9200	95	5.000	0
5.9250	93	5.000	0
5.9300	91	5.000	0
5.9350	92	5.000	0
5.9400	95	5.000	0
5.9450	101	5.000	0
5.9500	109	5.000	0
5.9550	135	5.000	1
5.9600	176	5.000	0
5.9650	212	5.000	0
5.9700	239	5.000	0
5.9750	258	5.000	0
5.9800	272	5.000	0
5.9850	279	5.000	0
5.9900	263	5.000	-1
5.9950	206	5.000	0
6.0000	156	5.000	0
6.0050	122	5.000	0
6.0100	113	5.000	0
6.0150	112	5.000	0
6.0200	115	5.000	0
6.0250	119	5.000	0
6.0300	119	5.000	0
6.0350	119	5.000	0
6.0400	122	5.000	0
6.0450	128	5.000	0
6.0500	145	5.000	1
6.0550	187	5.000	0
6.0600	226	5.000	0
6.0650	254	5.000	0
6.0700	273	5.000	0
6.0750	288	5.000	0
6.0800	297	5.000	0
6.0850	298	5.000	0
6.0900	276	5.000	-1
6.0950	220	5.000	0
6.1000	175	5.000	0
6.1050	128	5.000	0
6.1100	106	5.000	0
6.1150	98	5.000	0
6.1200	95	5.000	0
6.1250	93	5.000	0
6.1300	92	5.000	0
6.1350	92	5.000	0
6.1400	95	5.000	0
6.1450	100	5.000	0
6.1500	109	5.000	0
6.1550	136	5.000	1
6.1600	177	5.000	0
6.1650	213	5.000	0
6.1700	239	5.000	0
6.1750	259	5.000	0
6.1800	272	5.000	0
6.1850	278	5.000	0
6.1900	260	5.000	-1
6.1950	203	5.000	0
6.2000	154	5.000	0
6.2050	122	5.000	0
6.2100	112	5.000	0
6.2150	112	5.000	0
6.2200	115	5.000	0
6.2250	119	5.000	0
6.2300	119	5.000	0
6.2350	119	5.000	0
6.2400	122	5.000	0
6.2450	128	5.000	0
6.2500	143	5.000	1
6.2550	184	5.000	0
6.2600	224	5.000	0
6.2650	252	5.000	0
6.2700	272	5.000	0
6.2750	287	5.000	0
6.2800	297	5.000	0
6.2850	299	5.000	0
6.2900	280	5.000	-1
6.2950	224	5.000	0
6.3000	177	5.000	0
6.3050	129	5.000	0
6.3100	106	5.000	0
6.3150	98	5.000	0
6.3200	95	5.000	0
6.3250	93	5.000	0
6.3300	92	5.000	0
6.3350	92	5.000	0
6.3400	95	5.000	0
6.3450	101	5.000	0
6.3500	110	5.000	0
6.3550	138	5.000	1
6.3600	180	5.000	0
6.3650	215	5.000	0
6.3700	241	5.000	0
6.3750	260	5.000	0
6.3800	273	5.000	0
6.3850	279	5.000	0
6.3900	262	5.000	-1
6.3950	205	5.000	0
6.4000	156	5.000	0
6.4050	122	5.000	0
6.4100	113	5.000	0
6.4150	112	5.000	0
6.4200	116	5.000	0
6.4250	119	5.000	0
6.4300	120	5.000	0
6.4350	120	5.000	0
6.4400	122	5.000	0
6.4450	128	5.000	0
6.4500	143	5.000	1
6.4550	183	5.000	0
6.4600	223	5.000	0
6.4650	252	5.000	0
6.4700	272	5.000	0
6.4750	287	5.000	0
6.4800	296	5.000	0
6.4850	298	5.000	0
6.4900	279	5.000	-1
6.4950	222	5.000	0
6.5000	176	5.000	0
6.5050	127	5.000	0
6.5100	105	5.000	0
6.5150	98	5.000	0
6.5200	95	5.000	0
6.5250	93	5.000	0
6.5300	92	5.000	0
6.5350	92	5.000	0
6.5400	96	5.000	0
6.5450	101	5.000	0
6.5500	110	5.000	0
6.5550	138	5.000	1
6.5600	180	5.000	0
6.5650	215	5.000	0
6.5700	241	5.000	0
6.5750	260	5.000	0
6.5800	273	5.000	0
6.5850	279	5.000	0
6.5900	260	5.000	-1
6.5950	202	5.000	0
6.6000	152	5.000	0
6.6050	121	5.000	0
6.6100	112	5.000	0
6.6150	112	5.000	0
6.6200	116	5.000	0
6.6250	119	5.000	0
6.6300	119	5.000	0
6.6350	119	5.000	0
6.6400	122	5.000	0
6.6450	129	5.000	0
6.6500	149	5.000	1
6.6550	192	5.000	0
6.6600	230	5.000	0
6.6650	256	5.000	0
6.6700	275	5.000	0
6.6750	289	5.000	0
6.6800	297	5.000	0
6.6850	298	5.000	0
6.6900	275	5.000	-1
6.6950	219	5.000	0
6.7000	174	5.000	0
6.7050	127	5.000	0
6.7100	106	5.000	0
6.7150	98	5.000	0
6.7200	95	5.000	0
6.7250	93	5.000	0
6.7300	92	5.000	0
6.7350	92	5.000	0
6.7400	95	5.000	0
6.7450	100	5.000	0
6.7500	108	5.000	0
6.7550	135	5.000	1
6.7600	176	5.000	0
6.7650	212	5.000	0
6.7700	239	5.000	0
6.7750	258	5.000	0
6.7800	272	5.000	0
6.7850	278	5.000	0
6.7900	261	5.000	-1
6.7950	205	5.000	0
6.8000	155	5.000	0
6.8050	122	5.000	0
6.8100	112	5.000	0
6.8150	112	5.000	0
6.8200	115	5.000	0
6.8250	119	5.000	0
6.8300	119	5.000	0
6.8350	119	5.000	0
6.8400	122	5.000	0
6.8450	128	5.000	0
6.8500	143	5.000	1
6.8550	184	5.000	0
6.8600	224	5.000	0
6.8650	252	5.000	0
6.8700	272	5.000	0
6.8750	287	5.000	0
6.8800	297	5.000	0
6.8850	299	5.000	0
6.8900	282	5.000	-1
6.8950	226	5.000	0
6.9000	180	5.000	0
6.9050	131	5.000	0
6.9100	107	5.000	0
6.9150	98	5.000	0
6.9200	95	5.000	0
6.9250	93	5.000	0
6.9300	92	5.000	0
6.9350	92	5.000	0
6.9400	95	5.000	0
6.9450	100	5.000	0
6.9500	109	5.000	0
6.9550	135	5.000	1
6.9600	177	5.000	0
6.9650	213	5.000	0
6.9700	239	5.000	0
6.9750	258	5.000	0
6.9800	273	5.000	0
6.9850	278	5.000	0
6.9900	262	5.000	-1
6.9950	206	5.000	0
7.0000	157	5.000	0
7.0050	123	5.000	0
7.0100	113	5.000	0
7.0150	112	5.000	0
7.0200	115	5.000	0
7.0250	119	5.000	0
7.0300	120	5.000	0
7.0350	119	5.000	0
7.0400	122	5.000	0
7.0450	127	5.000	0
7.0500	141	5.000	1
7.0550	180	5.000	0
7.0600	221	5.000	0
7.0650	250	5.000	0
7.0700	271	5.000	0
7.0750	286	5.000	0
7.0800	296	5.000	0
7.0850	299	5.000	0
7.0900	282	5.000	-1
7.0950	226	5.000	0
7.1000	179	5.000	0
7.1050	130	5.000	0
7.1100	106	5.000	0
7.1150	98	5.000	0
7.1200	95	5.000	0
7.1250	93	5.000	0
7.1300	92	5.000	0
7.1350	92	5.000	0
7.1400	95	5.000	0
7.1450	101	5.000	0
7.1500	109	5.000	0
7.1550	136	5.000	1
7.1600	177	5.000	0
7.1650	213	5.000	0
7.1700	239	5.000	0
7.1750	259	5.000	0
7.1800	272	5.000	0
7.1850	279	5.000	0
7.1900	262	5.000	-1
7.1950	204	5.000	0
7.2000	155	5.000	0
7.2050	122	5.000	0
7.2100	112	5.000	0
7.2150	112	5.000	0
7.2200	116	5.000	0
7.2250	119	5.000	0
7.2300	119	5.000	0
7.2350	119	5.000	0
7.2400	122	5.000	0
7.2450	129	5.000	0
7.2500	147	5.000	1
7.2550	190	5.000	0
7.2600	228	5.000	0
7.2650	255	5.000	0
7.2700	275	5.000	0
7.2750	289	5.000	0
7.2800	298	5.000	0
7.2850	299	5.000	0
7.2900	279	5.000	-1
7.2950	223	5.000	0
7.3000	178	5.000	0
7.3050	130	5.000	0
7.3100	107	5.000	0
7.3150	98	5.000	0
7.3200	95	5.000	0
7.3250	93	5.000	0
7.3300	92	5.000	0
7.3350	92	5.000	0
7.3400	94	5.000	0
7.3450	100	5.000	0
7.3500	107	5.000	0
7.3550	131	5.000	1
7.3600	172	5.000	0
7.3650	209	5.000	0
7.3700	236	5.000	0
7.3750	257	5.000	0
7.3800	271	5.000	0
7.3850	278	5.000	0
7.3900	264	5.000	-1
7.3950	208	5.000	0
7.4000	158	5.000	0
7.4050	123	5.000	0
7.4100	113	5.000	0
7.4150	112	5.000	0
7.4200	115	5.000	0
7.4250	119	5.000	0
7.4300	119	5.000	0
7.4350	119	5.000	0
7.4400	122	5.000	0
7.4450	128	5.000	0
7.4500	142	5.000	1
7.4550	180	5.000	0
7.4600	221	5.000	0
7.4650	250	5.000	0
7.4700	271	5.000	0
7.4750	286	5.000	0
7.4800	297	5.000	0
7.4850	301	5.000	0
7.4900	293	5.000	0
7.4950	246	5.000	-1
7.5000	193	5.000	0
7.5050	144	4.878	0
7.5100	111	4.878	0
7.5150	100	4.878	0
7.5200	96	4.878	0
7.5250	93	4.878	0
7.5300	92	4.878	0
7.5350	91	4.878	0
7.5400	93	4.878	0
7.5450	98	4.878	0
7.5500	105	4.878	0
7.5550	123	4.878	1
7.5600	160	4.878	0
7.5650	200	4.878	0
7.5700	230	4.878	0
7.5750	252	4.878	0
7.5800	267	4.878	0
7.5850	278	4.878	0
7.5900	275	4.878	0
7.5950	233	4.878	-1
7.6000	177	4.878	0
7.6050	133	4.878	0
7.6100	115	4.878	0
7.6150	112	4.878	0
7.6200	114	4.878	0
7.6250	118	4.878	0
7.6300	120	4.878	0
7.6350	119	4.878	0
7.6400	121	4.878	0
7.6450	124	4.878	0
7.6500	134	4.878	0
7.6550	162	4.878	1
7.6600	206	4.878	0
7.6650	240	4.878	0
7.6700	263	4.878	0
7.6750	281	4.878	0
7.6800	293	4.878	0
7.6850	299	4.878	0
7.6900	294	4.878	0
7.6950	251	4.878	-1
7.7000	197	4.878	0
7.7050	148	4.878	0
7.7100	113	4.878	0
7.7150	100	4.878	0
7.7200	96	4.878	0
7.7250	94	4.878	0
7.7300	92	4.878	0
7.7350	91	4.878	0
7.7400	94	4.878	0
7.7450	99	4.878	0
7.7500	105	4.878	0
7.7550	125	5.000	1
7.7600	163	5.000	0
7.7650	203	5.000	0
7.7700	232	5.000	0
7.7750	253	5.000	0
7.7800	268	5.000	0
7.7850	278	5.000	0
7.7900	271	5.000	0
7.7950	222	5.000	-1
7.8000	168	5.000	0
7.8050	127	5.000	0
7.8100	114	5.000	0
7.8150	112	5.000	0
7.8200	115	5.000	0
7.8250	119	5.000	0
7.8300	120	5.000	0
7.8350	119	5.000	0
7.8400	121	5.000	0
7.8450	127	5.000	0
7.8500	141	5.000	1
7.8550	180	5.000	0
7.8600	221	5.000	0
7.8650	250	5.000	0
7.8700	271	5.000	0
7.8750	286	5.000	0
7.8800	295	5.000	0
7.8850	298	5.000	0
7.8900	280	5.000	-1
7.8950	224	5.000	0
7.9000	178	5.000	0
7.9050	130	5.000	0
7.9100	106	5.000	0
7.9150	98	5.000	0
7.9200	95	5.000	0
7.9250	93	5.000	0
7.9300	91	5.000	0
7.9350	92	5.000	0
7.9400	95	5.000	0
7.9450	101	5.000	0
7.9500	110	5.000	0
7.9550	140	5.000	1
7.9600	182	5.000	0
7.9650	216	5.000	0
7.9700	242	5.000	0
7.9750	260	5.000	0
7.9800	273	5.000	0
7.9850	276	5.000	0
7.9900	248	5.000	-1
7.9950	188	5.000	0
8.0000	141	5.000	0
8.0050	117	5.128	0
8.0100	112	5.128	0
8.0150	113	5.128	0
8.0200	118	5.128	0
8.0250	120	5.128	0
8.0300	119	5.128	0
8.0350	120	5.128	0
8.0400	124	5.128	0
8.0450	134	5.128	0
8.0500	164	5.128	1
8.0550	208	5.128	0
8.0600	241	5.128	0
8.0650	264	5.128	0
8.0700	281	5.128	0
8.0750	293	5.128	0
8.0800	299	5.128	0
8.0850	293	5.128	0
8.0900	253	5.128	-1
8.0950	199	5.128	0
8.1000	153	5.128	0
8.1050	115	5.128	0
8.1100	101	5.128	0
8.1150	96	5.128	0
8.1200	94	5.128	0
8.1250	92	5.128	0
8.1300	91	5.128	0
8.1350	93	5.128	0
8.1400	98	5.128	0
8.1450	104	5.128	0
8.1500	120	5.128	1
8.1550	157	5.128	0
8.1600	197	5.128	0
8.1650	228	5.128	0
8.1700	250	5.128	0
8.1750	266	5.128	0
8.1800	277	5.128	0
8.1850	274	5.128	0
8.1900	231	5.128	-1
8.1950	175	5.128	0
8.2000	132	5.128	0
8.2050	115	5.128	0
8.2100	112	5.128	0
8.2150	114	5.128	0
8.2200	118	5.128	0
8.2250	120	5.128	0
8.2300	119	5.128	0
8.2350	121	5.128	0
8.2400	125	5.128	0
8.2450	135	5.128	0
8.2500	165	5.128	1
8.2550	209	5.000	0
8.2600	241	5.000	0
8.2650	265	5.000	0
8.2700	282	5.000	0
8.2750	293	5.000	0
8.2800	299	5.000	0
8.2850	293	5.000	0
8.2900	252	5.000	-1
8.2950	198	5.000	0
8.3000	151	5.000	0
8.3050	115	5.000	0
8.3100	101	5.000	0
8.3150	96	5.000	0
8.3200	94	5.000	0
8.3250	92	5.000	0
8.3300	91	5.000	0
8.3350	93	5.000	0
8.3400	98	5.000	0
8.3450	104	5.000	0
8.3500	121	5.000	1
8.3550	158	5.000	0
8.3600	199	5.000	0
8.3650	229	5.000	0
8.3700	251	5.000	0
8.3750	267	5.000	0
8.3800	277	5.000	0
8.3850	275	5.000	0
8.3900	235	5.000	-1
8.3950	178	5.000	0
8.4000	134	5.000	0
8.4050	115	5.000	0
8.4100	111	5.000	0
8.4150	113	5.000	0
8.4200	118	5.000	0
8.4250	120	5.000	0
8.4300	119	5.000	0
8.4350	120	5.000	0
8.4400	124	5.000	0
8.4450	133	5.000	0
8.4500	159	5.000	1
8.4550	203	5.000	0
8.4600	238	5.000	0
8.4650	262	5.000	0
8.4700	280	5.000	0
8.4750	292	5.000	0
8.4800	298	5.000	0
8.4850	294	5.000	0
8.4900	254	5.000	-1
8.4950	199	5.000	0
8.5000	150	5.000	0
8.5050	114	5.000	0
8.5100	101	5.000	0
8.5150	96	5.000	0
8.5200	94	5.000	0
8.5250	92	5.000	0
8.5300	91	5.000	0
8.5350	93	5.000	0
8.5400	98	5.000	0
8.5450	104	5.000	0
8.5500	121	5.000	1
8.5550	157	5.000	0
8.5600	197	5.000	0
8.5650	228	5.000	0
8.5700	250	5.000	0
8.5750	267	5.000	0
8.5800	277	5.000	0
8.5850	275	5.000	0
8.5900	235	5.000	-1
8.5950	177	5.000	0
8.6000	133	5.000	0
8.6050	115	5.000	0
8.6100	111	5.000	0
8.6150	114	5.000	0
8.6200	118	5.000	0
8.6250	120	5.000	0
8.6300	119	5.000	0
8.6350	121	5.000	0
8.6400	125	5.000	0
8.6450	136	5.000	0
8.6500	167	5.000	1
8.6550	211	5.000	0
8.6600	243	5.000	0
8.6650	266	5.000	0
8.6700	282	5.000	0
8.6750	294	5.000	0
8.6800	299	5.000	0
8.6850	292	5.000	0
8.6900	249	5.000	-1
8.6950	196	5.000	0
8.7000	150	5.000	0
8.7050	114	5.000	0
8.7100	101	5.000	0
8.7150	96	5.000	0
8.7200	94	5.000	0
8.7250	92	5.000	0
8.7300	91	5.000	0
8.7350	93	5.000	0
8.7400	98	5.000	0
8.7450	104	5.000	0
8.7500	119	5.000	1
8.7550	155	5.000	0
8.7600	196	5.000	0
8.7650	227	5.000	0
8.7700	249	5.000	0
8.7750	266	5.000	0
8.7800	276	5.000	0
8.7850	275	5.000	0
8.7900	237	5.000	-1
8.7950	179	5.000	0
8.8000	135	5.000	0
8.8050	116	5.000	0
8.8100	111	5.000	0
8.8150	113	5.000	0
8.8200	118	5.000	0
8.8250	120	5.000	0
8.8300	119	5.000	0
8.8350	120	5.000	0
8.8400	124	5.000	0
8.8450	132	5.000	0
8.8500	157	5.000	1
8.8550	202	5.000	0
8.8600	237	5.000	0
8.8650	261	5.000	0
8.8700	279	5.000	0
8.8750	292	5.000	0
8.8800	298	5.000	0
8.8850	295	5.000	0
8.8900	260	5.000	-1
8.8950	204	5.000	0
8.9000	157	5.000	0
8.9050	117	5.000	0
8.9100	102	5.000	0
8.9150	96	5.000	0
8.9200	94	5.000	0
8.9250	92	5.000	0
8.9300	91	5.000	0
8.9350	93	5.000	0
8.9400	97	5.000	0
8.9450	103	5.000	0
8.9500	118	5.000	1
8.9550	152	5.000	0
8.9600	194	5.000	0
8.9650	225	5.000	0
8.9700	248	5.000	0
8.9750	265	5.000	0
8.9800	276	5.000	0
8.9850	277	5.000	0
8.9900	243	5.000	-1
8.9950	184	5.000	0
9.0000	139	5.000	0
9.0050	117	5.000	0
9.0100	111	5.000	0
9.0150	113	5.000	0
9.0200	117	5.000	0
9.0250	119	5.000	0
9.0300	119	5.000	0
9.0350	120	5.000	0
9.0400	123	5.000	0
9.0450	131	5.000	0
9.0500	153	5.000	1
9.0550	197	5.000	0
9.0600	233	5.000	0
9.0650	258	5.000	0
9.0700	277	5.000	0
9.0750	290	5.000	0
9.0800	298	5.000	0
9.0850	296	5.000	0
9.0900	264	5.000	-1
9.0950	207	5.000	0
9.1000	161	5.000	0
9.1050	118	5.000	0
9.1100	102	5.000	0
9.1150	97	5.000	0
9.1200	94	5.000	0
9.1250	92	5.000	0
9.1300	91	5.000	0
9.1350	93	5.000	0
9.1400	97	5.000	0
9.1450	103	5.000	0
9.1500	116	5.000	0
9.1550	150	5.000	1
9.1600	192	5.000	0
9.1650	223	5.000	0
9.1700	247	5.000	0
9.1750	264	5.000	0
9.1800	276	5.000	0
9.1850	278	5.000	0
9.1900	248	5.000	-1
9.1950	188	5.000	0
9.2000	142	5.000	0
9.2050	118	5.000	0
9.2100	112	5.000	0
9.2150	112	5.000	0
9.2200	117	5.000	0
9.2250	119	5.000	0
9.2300	119	5.000	0
9.2350	120	5.000	0
9.2400	123	5.000	0
9.2450	131	5.000	0
9.2500	153	5.000	1
9.2550	197	5.000	0
9.2600	233	5.000	0
9.2650	259	5.000	0
9.2700	277	5.000	0
9.2750	290	5.000	0
9.2800	298	5.000	0
9.2850	297	5.000	0
9.2900	266	5.000	-1
9.2950	209	5.000	0
9.3000	162	5.000	0
9.3050	119	5.000	0
9.3100	103	5.000	0
9.3150	97	5.000	0
9.3200	94	5.000	0
9.3250	93	5.000	0
9.3300	91	5.000	0
9.3350	93	5.000	0
9.3400	97	5.000	0
9.3450	103	5.000	0
9.3500	116	5.000	0
9.3550	149	5.000	1
9.3600	191	5.000	0
9.3650	223	5.000	0
9.3700	247	5.000	0
9.3750	264	5.000	0
9.3800	276	5.000	0
9.3850	277	5.000	0
9.3900	245	5.000	-1
9.3950	186	5.000	0
9.4000	140	5.000	0
9.4050	117	5.000	0
9.4100	112	5.000	0
9.4150	113	5.000	0
9.4200	117	5.000	0
9.4250	120	5.000	0
9.4300	119	5.000	0
9.4350	120	5.000	0
9.4400	123	5.000	0
9.4450	132	5.000	0
9.4500	155	5.000	1
9.4550	200	5.000	0
9.4600	235	5.000	0
9.4650	260	5.000	0
9.4700	278	5.000	0
9.4750	291	5.000	0
9.4800	298	5.000	0
9.4850	296	5.000	0
9.4900	263	5.000	-1
9.4950	206	5.000	0
9.5000	160	5.000	0
9.5050	118	5.000	0
9.5100	102	5.000	0
9.5150	97	5.000	0
9.5200	94	5.000	0
9.5250	92	5.000	0
9.5300	91	5.000	0
9.5350	93	5.000	0
9.5400	97	5.000	0
9.5450	103	5.000	0
9.5500	117	5.000	1
9.5550	152	5.000	0
9.5600	194	5.000	0
9.5650	225	5.000	0
9.5700	248	5.000	0
9.5750	265	5.000	0
9.5800	276	5.000	0
9.5850	276	5.000	0
9.5900	242	5.000	-1
9.5950	183	5.000	0
9.6000	138	5.000	0
9.6050	117	5.000	0
9.6100	111	5.000	0
9.6150	113	5.000	0
9.6200	117	5.000	0
9.6250	119	5.000	0
9.6300	119	5.000	0
9.6350	120	5.000	0
9.6400	123	5.000	0
9.6450	131	5.000	0
9.6500	153	5.000	1
9.6550	197	5.000	0
9.6600	233	5.000	0
9.6650	259	5.000	0
9.6700	277	5.000	0
9.6750	290	5.000	0
9.6800	298	5.000	0
9.6850	296	5.000	0
9.6900	262	5.000	-1
9.6950	205	5.000	0
9.7000	158	5.000	0
9.7050	117	5.000	0
9.7100	102	5.000	0
9.7150	96	5.000	0
9.7200	94	5.000	0
9.7250	92	5.000	0
9.7300	91	5.000	0
9.7350	93	5.000	0
9.7400	97	5.000	0
9.7450	103	5.000	0
9.7500	117	5.000	1
9.7550	152	5.000	0
9.7600	193	5.000	0
9.7650	225	5.000	0
9.7700	248	5.000	0
9.7750	265	5.000	0
9.7800	276	5.000	0
9.7850	277	5.000	0
9.7900	244	5.000	-1
9.7950	185	5.000	0
9.8000	140	5.000	0
9.8050	117	5.000	0
9.8100	112	5.000	0
9.8150	113	5.000	0
9.8200	117	5.000	0
9.8250	120	5.000	0
9.8300	119	5.000	0
9.8350	120	5.000	0
9.8400	123	5.000	0
9.8450	131	5.000	0
9.8500	154	5.000	1
9.8550	199	5.000	0
9.8600	234	5.000	0
9.8650	260	5.000	0
9.8700	278	5.000	0
9.8750	291	5.000	0
9.8800	298	5.000	0
9.8850	297	5.000	0
9.8900	266	5.000	-1
9.8950	209	5.000	0
9.9000	162	5.000	0
9.9050	119	5.000	0
9.9100	103	5.000	0
9.9150	97	5.000	0
9.9200	94	5.000	0
9.9250	92	5.000	0
9.9300	91	5.000	0
9.9350	92	5.000	0
9.9400	97	5.000	0
9.9450	103	5.000	0
9.9500	115	5.000	0
9.9550	148	5.000	1
9.9600	189	5.000	0
9.9650	222	5.000	0
9.9700	246	5.000	0
9.9750	263	5.000	0
9.9800	275	5.000	0
9.9850	277	5.000	0
9.9900	248	5.000	-1
9.9950	188	5.000	0
10.0000	142	5.000	0
0.0000	0	0.000	0
0.0000	0	0.000	0
0.0000	0	0.000	0
0.0000	0	0.000	0
0.0000	0	0.000	0
0.0000	0	0.000	0
0.0000	0	0.000	0
0.0000	0	0.000	0
0.0000	0	0.000	0
0.0000	0	0.000	0
0.0000	0	0.000	0
0.0000	0	0.000	0
0.0000	0	0.000	0
0.0000	0	0.000	0
0.0000	0	0.000	0
0.0000	0	0.000	0
0.0000	0	0.000	0
0.0000	0	0.000	0
0.0000	0	0.000	0
0.0000	0	0.000	0
0.0000	0	0.000	0
0.0000	0	0.000	0
0.0000	0	0.000	0
0.0000	0	0.000	0
0.0000	0	0.000	0
0.0000	0	0.000	0
0.0000	0	0.000	0
0.0000	0	0.000	0
0.0000	0	0.000	0
0.0000	0	0.000	0
0.0000	0	0.000	0
0.0000	0	0.000	0
0.0000	0	0.000	0
0.0000	0	0.000	0
0.0000	0	0.000	0
0.0000	0	0.000	0
0.0000	0	0.000	0
0.0000	0	0.000	0
0.0000	0	0.000	0
0.0000	0	0.000	0
0.0000	0	0.000	0
0.0000	0	0.000	0
0.0000	0	0.000	0
0.0000	0	0.000	0
0.0000	0	0.000	0
0.0000	0	0.000	0
0.0000	0	0.000	0
0.0000	0	0.000	0
0.0000	0	0.000	0
0.0000	0	0.000	0
0.0000	0	0.000	0
0.0000	0	0.000	0
0.0000	0	0.000	0
0.0000	0	0.000	0
0.0000	0	0.000	0
0.0000	0	0.000	0
0.0000	0	0.000	0
0.0000	0	0.000	0
0.0000	0	0.000	0
0.0000	0	0.000	0
0.0000	0	0.000	0
0.0000	0	0.000	0
0.0000	0	0.000	0
0.0000	0	0.000	0
0.0000	0	0.000	0
0.0000	0	0.000	0
0.0000	0	0.000	0
0.0000	0	0.000	0
0.0000	0	0.000	0
0.0000	0	0.000	0
0.0000	0	0.000	0
0.0000	0	0.000	0
0.0000	0	0.000	0
0.0000	0	0.000	0
0.0000	0	0.000	0
0.0000	0	0.000	0
0.0000	0	0.000	0
0.0000	0	0.000	0
0.0000	0	0.000	0
0.0000	0	0.000	0
0.0000	0	0.000	0
0.0000	0	0.000	0
0.0000	0	0.000	0
0.0000	0	0.000	0
0.0000	0	0.000	0
0.0000	0	0.000	0
0.0000	0	0.000	0
0.0000	0	0.000	0
0.0000	0	0.000	0
0.0000	0	0.000	0
0.0000	0	0.000	0
0.0000	0	0.000	0
0.0000	0	0.000	0
0.0000	0	0.000	0
0.0000	0	0.000	0
0.0000	0	0.000	0
0.0000	0	0.000	0
0.0000	0	0.000	0
0.0000	0	0.000	0
0.0000	0	0.000	0
0.0000	0	0.000	0
0.0000	0	0.000	0
0.0000	0	0.000	0
0.0000	0	0.000	0
0.0000	0	0.000	0
0.0000	0	0.000	0
0.0000	0	0.000	0
0.0000	0	0.000	0
0.0000	0	0.000	0
0.0000	0	0.000	0
0.0000	0	0.000	0
0.0000	0	0.000	0
0.0000	0	0.000	0
0.0000	0	0.000	0
0.0000	0	0.000	0
0.0000	0	0.000	0
0.0000	0	0.000	0
0.0000	0	0.000	0
0.0000	0	0.000	0
0.0000	0	0.000	0
0.0000	0	0.000	0
0.0000	0	0.000	0
0.0000	0	0.000	0
0.0000	0	0.000	0
0.0000	0	0.000	0
0.0000	0	0.000	0
0.0000	0	0.000	0
0.0000	0	0.000	0
0.0000	0	0.000	0
0.0000	0	0.000	0
0.0000	0	0.000	0
0.0000	0	0.000	0
0.0000	0	0.000	0
0.0000	0	0.000	0
0.0000	0	0.000	0
0.0000	0	0.000	0
0.0000	0	0.000	0
0.0000	0	0.000	0
0.0000	0	0.000	0
0.0000	0	0.000	0
0.0000	0	0.000	0
0.0000	0	0.000	0
0.0000	0	0.000	0
0.0000	0	0.000	0
0.0000	0	0.000	0
0.0000	0	0.000	0
0.0000	0	0.000	0
0.0000	0	0.000	0
0.0000	0	0.000	0
0.0000	0	0.000	0
0.0000	0	0.000	0
0.0000	0	0.000	0
0.0000	0	0.000	0
0.0000	0	0.000	0
0.0000	0	0.000	0
0.0000	0	0.000	0
0.0000	0	0.000	0
0.0000	0	0.000	0
0.0000	0	0.000	0
0.0000	0	0.000	0
0.0000	0	0.000	0
0.0000	0	0.000	0
0.0000	0	0.000	0
0.0000	0	0.000	0
0.0000	0	0.000	0
0.0000	0	0.000	0
0.0000	0	0.000	0
0.0000	0	0.000	0
0.0000	0	0.000	0
0.0000	0	0.000	0
0.0000	0	0.000	0
0.0000	0	0.000	0
0.0000	0	0.000	0
0.0000	0	0.000	0
0.0000	0	0.000	0
0.0000	0	0.000	0
0.0000	0	0.000	0
0.0000	0	0.000	0
0.0000	0	0.000	0
0.0000	0	0.000	0
0.0000	0	0.000	0
0.0000	0	0.000	0
0.0000	0	0.000	0
0.0000	0	0.000	0
0.0000	0	0.000	0
0.0000	0	0.000	0
0.0000	0	0.000	0
0.0000	0	0.000	0
0.0000	0	0.000	0
0.0000	0	0.000	0
0.0000	0	0.000	0
0.0000	0	0.000	0
0.0000	0	0.000	0
0.0000	0	0.000	0
0.0000	0	0.000	0
0.0000	0	0.000	0
0.0000	0	0.000	0
0.0000	0	0.000	0
0.0000	0	0.000	0
0.0000	0	0.000	0
0.0000	0	0.000	0
0.0000	0	0.000	0
0.0000	0	0.000	0
0.0000	0	0.000	0
0.0000	0	0.000	0
0.0000	0	0.000	0
0.0000	0	0.000	0
0.0000	0	0.000	0
0.0000	0	0.000	0
0.0000	0	0.000	0
0.0000	0	0.000	0
0.0000	0	0.000	0
0.0000	0	0.000	0
0.0000	0	0.000	0
0.0000	0	0.000	0
0.0000	0	0.000	0
0.0000	0	0.000	0
0.0000	0	0.000	0
0.0000	0	0.000	0
0.0000	0	0.000	0
0.0000	0	0.000	0
0.0000	0	0.000	0
0.0000	0	0.000	0
0.0000	0	0.000	0
0.0000	0	0.000	0
0.0000	0	0.000	0
0.0000	0	0.000	0
0.0000	0	0.000	0
0.0000	0	0.000	0
0.0000	0	0.000	0
0.0000	0	0.000	0
0.0000	0	0.000	0
0.0000	0	0.000	0
0.0000	0	0.000	0
0.0000	0	0.000	0
0.0000	0	0.000	0
0.0000	0	0.000	0
0.0000	0	0.000	0
0.0000	0	0.000	0
0.0000	0	0.000	0
0.0000	0	0.000	0
0.0000	0	0.000	0
0.0000	0	0.000	0
0.0000	0	0.000	0
0.0000	0	0.000	0
0.0000	0	0.000	0
0.0000	0	0.000	0
0.0000	0	0.000	0
0.0000	0	0.000	0
0.0000	0	0.000	0
0.0000	0	0.000	0
0.0000	0	0.000	0
0.0000	0	0.000	0
0.0000	0	0.000	0
0.0000	0	0.000	0
0.0000	0	0.000	0
0.0000	0	0.000	0
0.0000	0	0.000	0
0.0000	0	0.000	0
0.0000	0	0.000	0
0.0000	0	0.000	0
0.0000	0	0.000	0
0.0000	0	0.000	0
0.0000	0	0.000	0
0.0000	0	0.000	0
0.0000	0	0.000	0
0.0000	0	0.000	0
0.0000	0	0.000	0
0.0000	0	0.000	0
0.0000	0	0.000	0
0.0000	0	0.000	0
0.0000	0	0.000	0
0.0000	0	0.000	0
0.0000	0	0.000	0
0.0000	0	0.000	0
0.0000	0	0.000	0
0.0000	0	0.000	0
0.0000	0	0.000	0
0.0000	0	0.000	0
0.0000	0	0.000	0
0.0000	0	0.000	0
0.0000	0	0.000	0
0.0000	0	0.000	0
0.0000	0	0.000	0
0.0000	0	0.000	0
0.0000	0	0.000	0
0.0000	0	0.000	0
0.0000	0	0.000	0
0.0000	0	0.000	0
0.0000	0	0.000	0
0.0000	0	0.000	0
0.0000	0	0.000	0
0.0000	0	0.000	0
0.0000	0	0.000	0
0.0000	0	0.000	0
0.0000	0	0.000	0
0.0000	0	0.000	0
0.0000	0	0.000	0
0.0000	0	0.000	0
0.0000	0	0.000	0
0.0000	0	0.000	0
0.0000	0	0.000	0
0.0000	0	0.000	0
0.0000	0	0.000	0
0.0000	0	0.000	0
0.0000	0	0.000	0
0.0000	0	0.000	0
0.0000	0	0.000	0
0.0000	0	0.000	0
0.0000	0	0.000	0
0.0000	0	0.000	0
0.0000	0	0.000	0
0.0000	0	0.000	0
0.0000	0	0.000	0
0.0000	0	0.000	0
0.0000	0	0.000	0
0.0000	0	0.000	0
0.0000	0	0.000	0
0.0000	0	0.000	0
0.0000	0	0.000	0
0.0000	0	0.000	0
0.0000	0	0.000	0
0.0000	0	0.000	0
0.0000	0	0.000	0
0.0000	0	0.000	0
0.0000	0	0.000	0
0.0000	0	0.000	0
0.0000	0	0.000	0
0.0000	0	0.000	0
0.0000	0	0.000	0
0.0000	0	0.000	0
0.0000	0	0.000	0
0.0000	0	0.000	0
0.0000	0	0.000	0
0.0000	0	0.000	0
0.0000	0	0.000	0
0.0000	0	0.000	0
0.0000	0	0.000	0
0.0000	0	0.000	0
0.0000	0	0.000	0
0.0000	0	0.000	0
0.0000	0	0.000	0
0.0000	0	0.000	0
0.0000	0	0.000	0
0.0000	0	0.000	0
0.0000	0	0.000	0
0.0000	0	0.000	0
0.0000	0	0.000	0
0.0000	0	0.000	0
0.0000	0	0.000	0
0.0000	0	0.000	0
0.0000	0	0.000	0
0.0000	0	0.000	0
0.0000	0	0.000	0
0.0000	0	0.000	0
0.0000	0	0.000	0
0.0000	0	0.000	0
0.0000	0	0.000	0
0.0000	0	0.000	0
0.0000	0	0.000	0
0.0000	0	0.000	0
0.0000	0	0.000	0
0.0000	0	0.000	0
0.0000	0	0.000	0
0.0000	0	0.000	0
0.0000	0	0.000	0
0.0000	0	0.000	0
0.0000	0	0.000	0
0.0000	0	0.000	0
0.0000	0	0.000	0
0.0000	0	0.000	0
0.0000	0	0.000	0
0.0000	0	0.000	0
0.0000	0	0.000	0
0.0000	0	0.000	0
0.0000	0	0.000	0
0.0000	0	0.000	0
0.0000	0	0.000	0
0.0000	0	0.000	0
0.0000	0	0.000	0
0.0000	0	0.000	0
0.0000	0	0.000	0
0.0000	0	0.000	0
0.0000	0	0.000	0
0.0000	0	0.000	0
0.0000	0	0.000	0
0.0000	0	0.000	0
0.0000	0	0.000	0
0.0000	0	0.000	0
0.0000	0	0.000	0
0.0000	0	0.000	0
0.0000	0	0.000	0
0.0000	0	0.000	0
0.0000	0	0.000	0
0.0000	0	0.000	0
0.0000	0	0.000	0
0.0000	0	0.000	0
0.0000	0	0.000	0
0.0000	0	0.000	0
0.0000	0	0.000	0
0.0000	0	0.000	0
0.0000	0	0.000	0
0.0000	0	0.000	0
0.0000	0	0.000	0
0.0000	0	0.000	0
0.0000	0	0.000	0
0.0000	0	0.000	0
0.0000	0	0.000	0
0.0000	0	0.000	0
0.0000	0	0.000	0
0.0000	0	0.000	0
0.0000	0	0.000	0
0.0000	0	0.000	0
0.0000	0	0.000	0
0.0000	0	0.000	0
0.0000	0	0.000	0
0.0000	0	0.000	0
0.0000	0	0.000	0
0.0000	0	0.000	0
0.0000	0	0.000	0
0.0000	0	0.000	0
0.0000	0	0.000	0
0.0000	0	0.000	0
0.0000	0	0.000	0
0.0000	0	0.000	0
0.0000	0	0.000	0
0.0000	0	0.000	0
0.0000	0	0.000	0
0.0000	0	0.000	0
0.0000	0	0.000	0
0.0000	0	0.000	0
0.0000	0	0.000	0
0.0000	0	0.000	0
0.0000	0	0.000	0
0.0000	0	0.000	0
0.0000	0	0.000	0
0.0000	0	0.000	0
0.0000	0	0.000	0
0.0000	0	0.000	0
0.0000	0	0.000	0
0.0000	0	0.000	0
0.0000	0	0.000	0
0.0000	0	0.000	0
0.0000	0	0.000	0
0.0000	0	0.000	0
0.0000	0	0.000	0
0.0000	0	0.000	0
0.0000	0	0.000	0
0.0000	0	0.000	0
0.0000	0	0.000	0
0.0000	0	0.000	0
0.0000	0	0.000	0
0.0000	0	0.000	0
0.0000	0	0.000	0
0.0000	0	0.000	0
0.0000	0	0.000	0
0.0000	0	0.000	0
0.0000	0	0.000	0
0.0000	0	0.000	0
0.0000	0	0.000	0
0.0000	0	0.000	0
0.0000	0	0.000	0
0.0000	0	0.000	0
0.0000	0	0.000	0
0.0000	0	0.000	0
0.0000	0	0.000	0
0.0000	0	0.000	0
0.0000	0	0.000	0
0.0000	0	0.000	0
0.0000	0	0.000	0
0.0000	0	0.000	0
0.0000	0	0.000	0
0.0000	0	0.000	0
0.0000	0	0.000	0
0.0000	0	0.000	0
0.0000	0	0.000	0
0.0000	0	0.000	0
0.0000	0	0.000	0
0.0000	0	0.000	0
0.0000	0	0.000	0
0.0000	0	0.000	0
0.0000	0	0.000	0
0.0000	0	0.000	0
0.0000	0	0.000	0
0.0000	0	0.000	0
0.0000	0	0.000	0
0.0000	0	0.000	0
0.0000	0	0.000	0
0.0000	0	0.000	0
0.0000	0	0.000	0
0.0000	0	0.000	0
0.0000	0	0.000	0
0.0000	0	0.000	0
0.0000	0	0.000	0
0.0000	0	0.000	0
0.0000	0	0.000	0
0.0000	0	0.000	0
0.0000	0	0.000	0
0.0000	0	0.000	0
0.0000	0	0.000	0
0.0000	0	0.000	0
0.0000	0	0.000	0
0.0000	0	0.000	0
0.0000	0	0.000	0
0.0000	0	0.000	0
0.0000	0	0.000	0
0.0000	0	0.000	0
0.0000	0	0.000	0
0.0000	0	0.000	0
0.0000	0	0.000	0
0.0000	0	0.000	0
0.0000	0	0.000	0
0.0000	0	0.000	0
0.0000	0	0.000	0
0.0000	0	0.000	0
0.0000	0	0.000	0
0.0000	0	0.000	0
0.0000	0	0.000	0
0.0000	0	0.000	0
0.0000	0	0.000	0
0.0000	0	0.000	0
0.0000	0	0.000	0
0.0000	0	0.000	0
0.0000	0	0.000	0
0.0000	0	0.000	0
0.0000	0	0.000	0
0.0000	0	0.000	0
0.0000	0	0.000	0
0.0000	0	0.000	0
0.0000	0	0.000	0
0.0000	0	0.000	0
0.0000	0	0.000	0
0.0000	0	0.000	0
0.0000	0	0.000	0
0.0000	0	0.000	0
0.0000	0	0.000	0
0.0000	0	0.000	0
0.0000	0	0.000	0
0.0000	0	0.000	0
0.0000	0	0.000	0
0.0000	0	0.000	0
0.0000	0	0.000	0
0.0000	0	0.000	0
0.0000	0	0.000	0
0.0000	0	0.000	0
0.0000	0	0.000	0
0.0000	0	0.000	0
0.0000	0	0.000	0
0.0000	0	0.000	0
0.0000	0	0.000	0
0.0000	0	0.000	0
0.0000	0	0.000	0
0.0000	0	0.000	0
0.0000	0	0.000	0
0.0000	0	0.000	0
0.0000	0	0.000	0
0.0000	0	0.000	0
0.0000	0	0.000	0
0.0000	0	0.000	0
0.0000	0	0.000	0
0.0000	0	0.000	0
0.0000	0	0.000	0
0.0000	0	0.000	0
0.0000	0	0.000	0
0.0000	0	0.000	0
0.0000	0	0.000	0
0.0000	0	0.000	0
0.0000	0	0.000	0
0.0000	0	0.000	0
0.0000	0	0.000	0
0.0000	0	0.000	0
0.0000	0	0.000	0
0.0000	0	0.000	0
0.0000	0	0.000	0
0.0000	0	0.000	0
0.0000	0	0.000	0
0.0000	0	0.000	0
0.0000	0	0.000	0
0.0000	0	0.000	0
0.0000	0	0.000	0
0.0000	0	0.000	0
0.0000	0	0.000	0
0.0000	0	0.000	0
0.0000	0	0.000	0
0.0000	0	0.000	0
0.0000	0	0.000	0
0.0000	0	0.000	0
0.0000	0	0.000	0
0.0000	0	0.000	0
0.0000	0	0.000	0
0.0000	0	0.000	0
0.0000	0	0.000	0
0.0000	0	0.000	0
0.0000	0	0.000	0
0.0000	0	0.000	0
0.0000	0	0.000	0
0.0000	0	0.000	0
0.0000	0	0.000	0
0.0000	0	0.000	0
0.0000	0	0.000	0
0.0000	0	0.000	0
0.0000	0	0.000	0
0.0000	0	0.000	0
0.0000	0	0.000	0
0.0000	0	0.000	0
0.0000	0	0.000	0
0.0000	0	0.000	0
0.0000	0	0.000	0
0.0000	0	0.000	0
0.0000	0	0.000	0
0.0000	0	0.000	0
0.0000	0	0.000	0
0.0000	0	0.000	0
0.0000	0	0.000	0
0.0000	0	0.000	0
0.0000	0	0.000	0
0.0000	0	0.000	0
0.0000	0	0.000	0
0.0000	0	0.000	0
0.0000	0	0.000	0
0.0000	0	0.000	0
0.0000	0	0.000	0
0.0000	0	0.000	0
0.0000	0	0.000	0
0.0000	0	0.000	0
0.0000	0	0.000	0
0.0000	0	0.000	0
0.0000	0	0.000	0
0.0000	0	0.000	0
0.0000	0	0.000	0
0.0000	0	0.000	0
0.0000	0	0.000	0
0.0000	0	0.000	0
0.0000	0	0.000	0
0.0000	0	0.000	0
0.0000	0	0.000	0
0.0000	0	0.000	0
0.0000	0	0.000	0
0.0000	0	0.000	0
0.0000	0	0.000	0
0.0000	0	0.000	0
0.0000	0	0.000	0
0.0000	0	0.000	0
0.0000	0	0.000	0
0.0000	0	0.000	0
0.0000	0	0.000	0
0.0000	0	0.000	0
0.0000	0	0.000	0
0.0000	0	0.000	0
0.0000	0	0.000	0
0.0000	0	0.000	0
0.0000	0	0.000	0
0.0000	0	0.000	0
0.0000	0	0.000	0
0.0000	0	0.000	0
0.0000	0	0.000	0
0.0000	0	0.000	0
0.0000	0	0.000	0
0.0000	0	0.000	0
0.0000	0	0.000	0
0.0000	0	0.000	0
0.0000	0	0.000	0
0.0000	0	0.000	0
0.0000	0	0.000	0
0.0000	0	0.000	0
0.0000	0	0.000	0
0.0000	0	0.000	0
0.0000	0	0.000	0
0.0000	0	0.000	0
0.0000	0	0.000	0
0.0000	0	0.000	0
0.0000	0	0.000	0
0.0000	0	0.000	0
0.0000	0	0.000	0
0.0000	0	0.000	0
0.0000	0	0.000	0
0.0000	0	0.000	0
0.0000	0	0.000	0
0.0000	0	0.000	0
0.0000	0	0.000	0
0.0000	0	0.000	0
0.0000	0	0.000	0
0.0000	0	0.000	0
0.0000	0	0.000	0
0.0000	0	0.000	0
0.0000	0	0.000	0
0.0000	0	0.000	0
0.0000	0	0.000	0
0.0000	0	0.000	0
0.0000	0	0.000	0
0.0000	0	0.000	0
0.0000	0	0.000	0
0.0000	0	0.000	0
0.0000	0	0.000	0
0.0000	0	0.000	0
0.0000	0	0.000	0
0.0000	0	0.000	0
0.0000	0	0.000	0
0.0000	0	0.000	0
0.0000	0	0.000	0
0.0000	0	0.000	0
0.0000	0	0.000	0
0.0000	0	0.000	0
0.0000	0	0.000	0
0.0000	0	0.000	0
0.0000	0	0.000	0
0.0000	0	0.000	0
0.0000	0	0.000	0
0.0000	0	0.000	0
0.0000	0	0.000	0
0.0000	0	0.000	0
0.0000	0	0.000	0
0.0000	0	0.000	0
0.0000	0	0.000	0
0.0000	0	0.000	0
0.0000	0	0.000	0
0.0000	0	0.000	0
0.0000	0	0.000	0
0.0000	0	0.000	0
0.0000	0	0.000	0
0.0000	0	0.000	0
0.0000	0	0.000	0
0.0000	0	0.000	0
0.0000	0	0.000	0
0.0000	0	0.000	0
0.0000	0	0.000	0
0.0000	0	0.000	0
0.0000	0	0.000	0
0.0000	0	0.000	0
0.0000	0	0.000	0
0.0000	0	0.000	0
0.0000	0	0.000	0
0.0000	0	0.000	0
0.0000	0	0.000	0
0.0000	0	0.000	0
0.0000	0	0.000	0
0.0000	0	0.000	0
0.0000	0	0.000	0
0.0000	0	0.000	0
0.0000	0	0.000	0
0.0000	0	0.000	0
0.0000	0	0.000	0
0.0000	0	0.000	0
0.0000	0	0.000	0
0.0000	0	0.000	0
0.0000	0	0.000	0
0.0000	0	0.000	0
0.0000	0	0.000	0
0.0000	0	0.000	0
0.0000	0	0.000	0
0.0000	0	0.000	0
0.0000	0	0.000	0
0.0000	0	0.000	0
0.0000	0	0.000	0
0.0000	0	0.000	0
0.0000	0	0.000	0
0.0000	0	0.000	0
0.0000	0	0.000	0
0.0000	0	0.000	0
0.0000	0	0.000	0
0.0000	0	0.000	0
0.0000	0	0.000	0
0.0000	0	0.000	0
0.0000	0	0.000	0
0.0000	0	0.000	0
0.0000	0	0.000	0
0.0000	0	0.000	0
0.0000	0	0.000	0
0.0000	0	0.000	0
0.0000	0	0.000	0
0.0000	0	0.000	0
0.0000	0	0.000	0
0.0000	0	0.000	0
0.0000	0	0.000	0
0.0000	0	0.000	0
0.0000	0	0.000	0
0.0000	0	0.000	0
0.0000	0	0.000	0
0.0000	0	0.000	0
0.0000	0	0.000	0
0.0000	0	0.000	0
0.0000	0	0.000	0
0.0000	0	0.000	0
0.0000	0	0.000	0
0.0000	0	0.000	0
0.0000	0	0.000	0
0.0000	0	0.000	0
0.0000	0	0.000	0
0.0000	0	0.000	0
0.0000	0	0.000	0
0.0000	0	0.000	0
0.0000	0	0.000	0
0.0000	0	0.000	0
0.0000	0	0.000	0
0.0000	0	0.000	0
0.0000	0	0.000	0
0.0000	0	0.000	0
0.0000	0	0.000	0
0.0000	0	0.000	0
0.0000	0	0.000	0
0.0000	0	0.000	0
0.0000	0	0.000	0
0.0000	0	0.000	0
0.0000	0	0.000	0
0.0000	0	0.000	0
0.0000	0	0.000	0
0.0000	0	0.000	0
0.0000	0	0.000	0
0.0000	0	0.000	0
0.0000	0	0.000	0
0.0000	0	0.000	0
0.0000	0	0.000	0
0.0000	0	0.000	0
0.0000	0	0.000	0
0.0000	0	0.000	0
0.0000	0	0.000	0
0.0000	0	0.000	0
0.0000	0	0.000	0
0.0000	0	0.000	0
0.0000	0	0.000	0
0.0000	0	0.000	0
0.0000	0	0.000	0
0.0000	0	0.000	0
0.0000	0	0.000	0
0.0000	0	0.000	0
0.0000	0	0.000	0
0.0000	0	0.000	0
0.0000	0	0.000	0
0.0000	0	0.000	0
0.0000	0	0.000	0
0.0000	0	0.000	0
0.0000	0	0.000	0
0.0000	0	0.000	0
0.0000	0	0.000	0
0.0000	0	0.000	0
0.0000	0	0.000	0
0.0000	0	0.000	0
0.0000	0	0.000	0
0.0000	0	0.000	0
0.0000	0	0.000	0
0.0000	0	0.000	0
0.0000	0	0.000	0
0.0000	0	0.000	0
0.0000	0	0.000	0
0.0000	0	0.000	0
0.0000	0	0.000	0
0.0000	0	0.000	0
0.0000	0	0.000	0
0.0000	0	0.000	0
0.0000	0	0.000	0
0.0000	0	0.000	0
0.0000	0	0.000	0
0.0000	0	0.000	0
0.0000	0	0.000	0
0.0000	0	0.000	0
0.0000	0	0.000	0
0.0000	0	0.000	0
0.0000	0	0.000	0
0.0000	0	0.000	0
0.0000	0	0.000	0
0.0000	0	0.000	0
0.0000	0	0.000	0
0.0000	0	0.000	0
0.0000	0	0.000	0
0.0000	0	0.000	0
0.0000	0	0.000	0
0.0000	0	0.000	0
0.0000	0	0.000	0
0.0000	0	0.000	0
0.0000	0	0.000	0
0.0000	0	0.000	0
0.0000	0	0.000	0
0.0000	0	0.000	0
0.0000	0	0.000	0
0.0000	0	0.000	0
0.0000	0	0.000	0
0.0000	0	0.000	0
0.0000	0	0.000	0
0.0000	0	0.000	0
0.0000	0	0.000	0
0.0000	0	0.000	0
0.0000	0	0.000	0
0.0000	0	0.000	0
0.0000	0	0.000	0
0.0000	0	0.000	0
0.0000	0	0.000	0
0.0000	0	0.000	0
0.0000	0	0.000	0
0.0000	0	0.000	0
0.0000	0	0.000	0
0.0000	0	0.000	0
0.0000	0	0.000	0
0.0000	0	0.000	0
0.0000	0	0.000	0
0.0000	0	0.000	0
0.0000	0	0.000	0
0.0000	0	0.000	0
0.0000	0	0.000	0
0.0000	0	0.000	0
0.0000	0	0.000	0
0.0000	0	0.000	0
0.0000	0	0.000	0
0.0000	0	0.000	0
0.0000	0	0.000	0
0.0000	0	0.000	0
0.0000	0	0.000	0
0.0000	0	0.000	0
0.0000	0	0.000	0
0.0000	0	0.000	0
0.0000	0	0.000	0
0.0000	0	0.000	0
0.0000	0	0.000	0
0.0000	0	0.000	0
0.0000	0	0.000	0
0.0000	0	0.000	0
0.0000	0	0.000	0
0.0000	0	0.000	0
0.0000	0	0.000	0
0.0000	0	0.000	0
0.0000	0	0.000	0
0.0000	0	0.000	0
0.0000	0	0.000	0
0.0000	0	0.000	0
0.0000	0	0.000	0
0.0000	0	0.000	0
0.0000	0	0.000	0
0.0000	0	0.000	0
0.0000	0	0.000	0
0.0000	0	0.000	0
0.0000	0	0.000	0
0.0000	0	0.000	0
0.0000	0	0.000	0
0.0000	0	0.000	0
0.0000	0	0.000	0
0.0000	0	0.000	0
0.0000	0	0.000	0
0.0000	0	0.000	0
0.0000	0	0.000	0
0.0000	0	0.000	0
0.0000	0	0.000	0
0.0000	0	0.000	0
0.0000	0	0.000	0
0.0000	0	0.000	0
0.0000	0	0.000	0
0.0000	0	0.000	0
0.0000	0	0.000	0
0.0000	0	0.000	0
0.0000	0	0.000	0
0.0000	0	0.000	0
0.0000	0	0.000	0
0.0000	0	0.000	0
0.0000	0	0.000	0
0.0000	0	0.000	0
0.0000	0	0.000	0
0.0000	0	0.000	0
0.0000	0	0.000	0
0.0000	0	0.000	0
0.0000	0	0.000	0
0.0000	0	0.000	0
0.0000	0	0.000	0
0.0000	0	0.000	0
0.0000	0	0.000	0
0.0000	0	0.000	0
0.0000	0	0.000	0
0.0000	0	0.000	0
0.0000	0	0.000	0
0.0000	0	0.000	0
0.0000	0	0.000	0
0.0000	0	0.000	0
0.0000	0	0.000	0
0.0000	0	0.000	0
0.0000	0	0.000	0
0.0000	0	0.000	0
0.0000	0	0.000	0
0.0000	0	0.000	0
0.0000	0	0.000	0
0.0000	0	0.000	0
0.0000	0	0.000	0
0.0000	0	0.000	0
0.0000	0	0.000	0
0.0000	0	0.000	0
0.0000	0	0.000	0
0.0000	0	0.000	0
0.0000	0	0.000	0
0.0000	0	0.000	0
0.0000	0	0.000	0
0.0000	0	0.000	0
0.0000	0	0.000	0
0.0000	0	0.000	0
0.0000	0	0.000	0
0.0000	0	0.000	0
0.0000	0	0.000	0
0.0000	0	0.000	0
0.0000	0	0.000	0
0.0000	0	0.000	0
0.0000	0	0.000	0
0.0000	0	0.000	0
0.0000	0	0.000	0
0.0000	0	0.000	0
0.0000	0	0.000	0
0.0000	0	0.000	0
0.0000	0	0.000	0
0.0000	0	0.000	0
0.0000	0	0.000	0
0.0000	0	0.000	0
0.0000	0	0.000	0
0.0000	0	0.000	0
0.0000	0	0.000	0
0.0000	0	0.000	0
0.0000	0	0.000	0
0.0000	0	0.000	0
0.0000	0	0.000	0
0.0000	0	0.000	0
0.0000	0	0.000	0
0.0000	0	0.000	0
0.0000	0	0.000	0
0.0000	0	0.000	0
0.0000	0	0.000	0
0.0000	0	0.000	0
0.0000	0	0.000	0
0.0000	0	0.000	0
0.0000	0	0.000	0
0.0000	0	0.000	0
0.0000	0	0.000	0
0.0000	0	0.000	0
0.0000	0	0.000	0
0.0000	0	0.000	0
0.0000	0	0.000	0
0.0000	0	0.000	0
0.0000	0	0.000	0
0.0000	0	0.000	0
0.0000	0	0.000	0
0.0000	0	0.000	0
0.0000	0	0.000	0
0.0000	0	0.000	0
0.0000	0	0.000	0
0.0000	0	0.000	0
0.0000	0	0.000	0
0.0000	0	0.000	0
0.0000	0	0.000	0
0.0000	0	0.000	0
0.0000	0	0.000	0
0.0000	0	0.000	0
0.0000	0	0.000	0
0.0000	0	0.000	0
0.0000	0	0.000	0
0.0000	0	0.000	0
0.0000	0	0.000	0
0.0000	0	0.000	0
0.0000	0	0.000	0
0.0000	0	0.000	0
0.0000	0	0.000	0
0.0000	0	0.000	0
0.0000	0	0.000	0
0.0000	0	0.000	0
0.0000	0	0.000	0
0.0000	0	0.000	0
0.0000	0	0.000	0
0.0000	0	0.000	0
0.0000	0	0.000	0
0.0000	0	0.000	0
0.0000	0	0.000	0
0.0000	0	0.000	0
0.0000	0	0.000	0
0.0000	0	0.000	0
0.0000	0	0.000	0
0.0000	0	0.000	0
0.0000	0	0.000	0
0.0000	0	0.000	0
0.0000	0	0.000	0
0.0000	0	0.000	0
0.0000	0	0.000	0
0.0000	0	0.000	0
0.0000	0	0.000	0
0.0000	0	0.000	0
0.0000	0	0.000	0
0.0000	0	0.000	0
0.0000	0	0.000	0
0.0000	0	0.000	0
0.0000	0	0.000	0
0.0000	0	0.000	0
0.0000	0	0.000	0
0.0000	0	0.000	0
0.0000	0	0.000	0
0.0000	0	0.000	0
0.0000	0	0.000	0
0.0000	0	0.000	0
0.0000	0	0.000	0
0.0000	0	0.000	0
0.0000	0	0.000	0
0.0000	0	0.000	0
0.0000	0	0.000	0
0.0000	0	0.000	0
0.0000	0	0.000	0
0.0000	0	0.000	0
0.0000	0	0.000	0
0.0000	0	0.000	0
0.0000	0	0.000	0
0.0000	0	0.000	0
0.0000	0	0.000	0
0.0000	0	0.000	0
0.0000	0	0.000	0
0.0000	0	0.000	0
0.0000	0	0.000	0
0.0000	0	0.000	0
0.0000	0	0.000	0
0.0000	0	0.000	0
0.0000	0	0.000	0
0.0000	0	0.000	0
0.0000	0	0.000	0
0.0000	0	0.000	0
0.0000	0	0.000	0
0.0000	0	0.000	0
0.0000	0	0.000	0
0.0000	0	0.000	0
0.0000	0	0.000	0
0.0000	0	0.000	0
0.0000	0	0.000	0
0.0000	0	0.000	0
0.0000	0	0.000	0
0.0000	0	0.000	0
0.0000	0	0.000	0
0.0000	0	0.000	0
0.0000	0	0.000	0
0.0000	0	0.000	0
0.0000	0	0.000	0
0.0000	0	0.000	0
0.0000	0	0.000	0
0.0000	0	0.000	0
0.0000	0	0.000	0
0.0000	0	0.000	0
0.0000	0	0.000	0
0.0000	0	0.000	0
0.0000	0	0.000	0
0.0000	0	0.000	0
0.0000	0	0.000	0
0.0000	0	0.000	0
0.0000	0	0.000	0
0.0000	0	0.000	0
0.0000	0	0.000	0
0.0000	0	0.000	0
0.0000	0	0.000	0
0.0000	0	0.000	0
0.0000	0	0.000	0
0.0000	0	0.000	0
0.0000	0	0.000	0
0.0000	0	0.000	0
0.0000	0	0.000	0
0.0000	0	0.000	0
0.0000	0	0.000	0
0.0000	0	0.000	0
0.0000	0	0.000	0
0.0000	0	0.000	0
0.0000	0	0.000	0
0.0000	0	0.000	0
0.0000	0	0.000	0
0.0000	0	0.000	0
0.0000	0	0.000	0
0.0000	0	0.000	0
0.0000	0	0.000	0
0.0000	0	0.000	0
0.0000	0	0.000	0
0.0000	0	0.000	0
0.0000	0	0.000	0
0.0000	0	0.000	0
0.0000	0	0.000	0
0.0000	0	0.000	0
0.0000	0	0.000	0
0.0000	0	0.000	0
0.0000	0	0.000	0
0.0000	0	0.000	0
0.0000	0	0.000	0
0.0000	0	0.000	0
0.0000	0	0.000	0
0.0000	0	0.000	0
0.0000	0	0.000	0
0.0000	0	0.000	0
0.0000	0	0.000	0
0.0000	0	0.000	0
0.0000	0	0.000	0
0.0000	0	0.000	0
0.0000	0	0.000	0
0.0000	0	0.000	0
0.0000	0	0.000	0
0.0000	0	0.000	0
0.0000	0	0.000	0
0.0000	0	0.000	0
0.0000	0	0.000	0
0.0000	0	0.000	0
0.0000	0	0.000	0
0.0000	0	0.000	0
0.0000	0	0.000	0
0.0000	0	0.000	0
0.0000	0	0.000	0
0.0000	0	0.000	0
0.0000	0	0.000	0
0.0000	0	0.000	0
0.0000	0	0.000	0
0.0000	0	0.000	0
0.0000	0	0.000	0
0.0000	0	0.000	0
0.0000	0	0.000	0
0.0000	0	0.000	0
0.0000	0	0.000	0
0.0000	0	0.000	0
0.0000	0	0.000	0
0.0000	0	0.000	0
0.0000	0	0.000	0
0.0000	0	0.000	0
0.0000	0	0.000	0
0.0000	0	0.000	0
0.0000	0	0.000	0
0.0000	0	0.000	0
0.0000	0	0.000	0
0.0000	0	0.000	0
0.0000	0	0.000	0
0.0000	0	0.000	0
0.0000	0	0.000	0
0.0000	0	0.000	0
0.0000	0	0.000	0
0.0000	0	0.000	0
0.0000	0	0.000	0
0.0000	0	0.000	0
0.0000	0	0.000	0
0.0000	0	0.000	0
0.0000	0	0.000	0
0.0000	0	0.000	0
0.0000	0	0.000	0
0.0000	0	0.000	0
0.0000	0	0.000	0
0.0000	0	0.000	0
0.0000	0	0.000	0
0.0000	0	0.000	0
0.0000	0	0.000	0
0.0000	0	0.000	0
0.0000	0	0.000	0
0.0000	0	0.000	0
0.0000	0	0.000	0
0.0000	0	0.000	0
0.0000	0	0.000	0
0.0000	0	0.000	0
0.0000	0	0.000	0
0.0000	0	0.000	0
0.0000	0	0.000	0
0.0000	0	0.000	0
0.0000	0	0.000	0
0.0000	0	0.000	0
0.0000	0	0.000	0
0.0000	0	0.000	0
0.0000	0	0.000	0
0.0000	0	0.000	0
0.0000	0	0.000	0
0.0000	0	0.000	0
0.0000	0	0.000	0
0.0000	0	0.000	0
0.0000	0	0.000	0
0.0000	0	0.000	0
0.0000	0	0.000	0
0.0000	0	0.000	0
0.0000	0	0.000	0
0.0000	0	0.000	0
0.0000	0	0.000	0
0.0000	0	0.000	0
0.0000	0	0.000	0
0.0000	0	0.000	0
0.0000	0	0.000	0
0.0000	0	0.000	0
0.0000	0	0.000	0
0.0000	0	0.000	0
0.0000	0	0.000	0
0.0000	0	0.000	0
0.0000	0	0.000	0
0.0000	0	0.000	0
0.0000	0	0.000	0
0.0000	0	0.000	0
0.0000	0	0.000	0
0.0000	0	0.000	0
0.0000	0	0.000	0
0.0000	0	0.000	0
0.0000	0	0.000	0
0.0000	0	0.000	0
0.0000	0	0.000	0
0.0000	0	0.000	0
0.0000	0	0.000	0
0.0000	0	0.000	0
0.0000	0	0.000	0
0.0000	0	0.000	0
0.0000	0	0.000	0
0.0000	0	0.000	0
0.0000	0	0.000	0
0.0000	0	0.000	0
0.0000	0	0.000	0
0.0000	0	0.000	0
0.0000	0	0.000	0
0.0000	0	0.000	0
0.0000	0	0.000	0
0.0000	0	0.000	0
0.0000	0	0.000	0
0.0000	0	0.000	0
0.0000	0	0.000	0
0.0000	0	0.000	0
0.0000	0	0.000	0
0.0000	0	0.000	0
0.0000	0	0.000	0
0.0000	0	0.000	0
0.0000	0	0.000	0
0.0000	0	0.000	0
0.0000	0	0.000	0
0.0000	0	0.000	0
0.0000	0	0.000	0
0.0000	0	0.000	0
0.0000	0	0.000	0
0.0000	0	0.000	0
0.0000	0	0.000	0
0.0000	0	0.000	0
0.0000	0	0.000	0
0.0000	0	0.000	0
0.0000	0	0.000	0
0.0000	0	0.000	0
0.0000	0	0.000	0
0.0000	0	0.000	0
0.0000	0	0.000	0
0.0000	0	0.000	0
0.0000	0	0.000	0
0.0000	0	0.000	0
0.0000	0	0.000	0
0.0000	0	0.000	0
0.0000	0	0.000	0
0.0000	0	0.000	0
0.0000	0	0.000	0
0.0000	0	0.000	0
0.0000	0	0.000	0
0.0000	0	0.000	0
0.0000	0	0.000	0
0.0000	0	0.000	0
0.0000	0	0.000	0
0.0000	0	0.000	0
0.0000	0	0.000	0
0.0000	0	0.000	0
0.0000	0	0.000	0
0.0000	0	0.000	0
0.0000	0	0.000	0
0.0000	0	0.000	0
0.0000	0	0.000	0
0.0000	0	0.000	0
0.0000	0	0.000	0
0.0000	0	0.000	0
0.0000	0	0.000	0
0.0000	0	0.000	0
0.0000	0	0.000	0
0.0000	0	0.000	0
0.0000	0	0.000	0
0.0000	0	0.000	0
0.0000	0	0.000	0
0.0000	0	0.000	0
0.0000	0	0.000	0
0.0000	0	0.000	0
0.0000	0	0.000	0
0.0000	0	0.000	0
0.0000	0	0.000	0
0.0000	0	0.000	0
0.0000	0	0.000	0
0.0000	0	0.000	0
0.0000	0	0.000	0
0.0000	0	0.000	0
0.0000	0	0.000	0
0.0000	0	0.000	0
0.0000	0	0.000	0
0.0000	0	0.000	0
0.0000	0	0.000	0
0.0000	0	0.000	0
0.0000	0	0.000	0
0.0000	0	0.000	0
0.0000	0	0.000	0
0.0000	0	0.000	0
0.0000	0	0.000	0
0.0000	0	0.000	0
0.0000	0	0.000	0
0.0000	0	0.000	0
0.0000	0	0.000	0
0.0000	0	0.000	0
0.0000	0	0.000	0
0.0000	0	0.000	0
0.0000	0	0.000	0
0.0000	0	0.000	0
0.0000	0	0.000	0
0.0000	0	0.000	0
0.0000	0	0.000	0
0.0000	0	0.000	0
0.0000	0	0.000	0
0.0000	0	0.000	0
0.0000	0	0.000	0
0.0000	0	0.000	0
0.0000	0	0.000	0
0.0000	0	0.000	0
0.0000	0	0.000	0
0.0000	0	0.000	0
0.0000	0	0.000	0
0.0000	0	0.000	0
0.0000	0	0.000	0
0.0000	0	0.000	0
0.0000	0	0.000	0
0.0000	0	0.000	0
0.0000	0	0.000	0
0.0000	0	0.000	0
0.0000	0	0.000	0
0.0000	0	0.000	0
0.0000	0	0.000	0
0.0000	0	0.000	0
0.0000	0	0.000	0
0.0000	0	0.000	0
0.0000	0	0.000	0
0.0000	0	0.000	0
0.0000	0	0.000	0
0.0000	0	0.000	0
0.0000	0	0.000	0
0.0000	0	0.000	0
0.0000	0	0.000	0
0.0000	0	0.000	0
0.0000	0	0.000	0
0.0000	0	0.000	0
0.0000	0	0.000	0
0.0000	0	0.000	0
0.0000	0	0.000	0
0.0000	0	0.000	0
0.0000	0	0.000	0
0.0000	0	0.000	0
0.0000	0	0.000	0
0.0000	0	0.000	0
0.0000	0	0.000	0
0.0000	0	0.000	0
0.0000	0	0.000	0
0.0000	0	0.000	0
0.0000	0	0.000	0
0.0000	0	0.000	0
0.0000	0	0.000	0
0.0000	0	0.000	0
0.0000	0	0.000	0
0.0000	0	0.000	0
0.0000	0	0.000	0
0.0000	0	0.000	0
0.0000	0	0.000	0
0.0000	0	0.000	0
0.0000	0	0.000	0
0.0000	0	0.000	0
0.0000	0	0.000	0
0.0000	0	0.000	0
0.0000	0	0.000	0
0.0000	0	0.000	0
0.0000	0	0.000	0
0.0000	0	0.000	0
0.0000	0	0.000	0
0.0000	0	0.000	0
0.0000	0	0.000	0
0.0000	0	0.000	0
0.0000	0	0.000	0
0.0000	0	0.000	0
0.0000	0	0.000	0
0.0000	0	0.000	0
0.0000	0	0.000	0
0.0000	0	0.000	0
0.0000	0	0.000	0
0.0000	0	0.000	0
0.0000	0	0.000	0
0.0000	0	0.000	0
0.0000	0	0.000	0
0.0000	0	0.000	0
0.0000	0	0.000	0
0.0000	0	0.000	0
0.0000	0	0.000	0
0.0000	0	0.000	0
0.0000	0	0.000	0
0.0000	0	0.000	0
0.0000	0	0.000	0
0.0000	0	0.000	0
0.0000	0	0.000	0
0.0000	0	0.000	0
0.0000	0	0.000	0
0.0000	0	0.000	0
0.0000	0	0.000	0
0.0000	0	0.000	0
0.0000	0	0.000	0
0.0000	0	0.000	0
0.0000	0	0.000	0
0.0000	0	0.000	0
0.0000	0	0.000	0
0.0000	0	0.000	0
0.0000	0	0.000	0
0.0000	0	0.000	0
0.0000	0	0.000	0
0.0000	0	0.000	0
0.0000	0	0.000	0
0.0000	0	0.000	0
0.0000	0	0.000	0
0.0000	0	0.000	0
0.0000	0	0.000	0
0.0000	0	0.000	0
0.0000	0	0.000	0
0.0000	0	0.000	0
0.0000	0	0.000	0
0.0000	0	0.000	0
0.0000	0	0.000	0
0.0000	0	0.000	0
0.0000	0	0.000	0
0.0000	0	0.000	0
0.0000	0	0.000	0
0.0000	0	0.000	0
0.0000	0	0.000	0
0.0000	0	0.000	0
0.0000	0	0.000	0
0.0000	0	0.000	0
0.0000	0	0.000	0
0.0000	0	0.000	0
0.0000	0	0.000	0
0.0000	0	0.000	0
0.0000	0	0.000	0
0.0000	0	0.000	0
0.0000	0	0.000	0
0.0000	0	0.000	0
0.0000	0	0.000	0
0.0000	0	0.000	0
0.0000	0	0.000	0
0.0000	0	0.000	0
0.0000	0	0.000	0
0.0000	0	0.000	0
0.0000	0	0.000	0
0.0000	0	0.000	0
0.0000	0	0.000	0
0.0000	0	0.000	0
0.0000	0	0.000	0
0.0000	0	0.000	0
0.0000	0	0.000	0
0.0000	0	0.000	0
0.0000	0	0.000	0
0.0000	0	0.000	0
0.0000	0	0.000	0
0.0000	0	0.000	0
0.0000	0	0.000	0
0.0000	0	0.000	0
0.0000	0	0.000	0
0.0000	0	0.000	0
0.0000	0	0.000	0
0.0000	0	0.000	0
0.0000	0	0.000	0
0.0000	0	0.000	0
0.0000	0	0.000	0
0.0000	0	0.000	0
0.0000	0	0.000	0
0.0000	0	0.000	0
0.0000	0	0.000	0
0.0000	0	0.000	0
0.0000	0	0.000	0
0.0000	0	0.000	0
0.0000	0	0.000	0
0.0000	0	0.000	0
0.0000	0	0.000	0
0.0000	0	0.000	0
0.0000	0	0.000	0
0.0000	0	0.000	0
0.0000	0	0.000	0
0.0000	0	0.000	0
0.0000	0	0.000	0
0.0000	0	0.000	0
0.0000	0	0.000	0
0.0000	0	0.000	0
0.0000	0	0.000	0
0.0000	0	0.000	0
0.0000	0	0.000	0
0.0000	0	0.000	0
0.0000	0	0.000	0
0.0000	0	0.000	0
0.0000	0	0.000	0
0.0000	0	0.000	0
0.0000	0	0.000	0
0.0000	0	0.000	0
0.0000	0	0.000	0
0.0000	0	0.000	0
0.0000	0	0.000	0
0.0000	0	0.000	0
0.0000	0	0.000	0
0.0000	0	0.000	0
0.0000	0	0.000	0
0.0000	0	0.000	0
0.0000	0	0.000	0
0.0000	0	0.000	0
0.0000	0	0.000	0
0.0000	0	0.000	0
0.0000	0	0.000	0
0.0000	0	0.000	0
0.0000	0	0.000	0
0.0000	0	0.000	0
0.0000	0	0.000	0
0.0000	0	0.000	0
0.0000	0	0.000	0
0.0000	0	0.000	0
0.0000	0	0.000	0
0.0000	0	0.000	0
0.0000	0	0.000	0
0.0000	0	0.000	0
0.0000	0	0.000	0
0.0000	0	0.000	0
0.0000	0	0.000	0
0.0000	0	0.000	0
0.0000	0	0.000	0
0.0000	0	0.000	0
0.0000	0	0.000	0
0.0000	0	0.000	0
0.0000	0	0.000	0
0.0000	0	0.000	0
0.0000	0	0.000	0
0.0000	0	0.000	0
0.0000	0	0.000	0
0.0000	0	0.000	0
0.0000	0	0.000	0
0.0000	0	0.000	0
0.0000	0	0.000	0
0.0000	0	0.000	0
0.0000	0	0.000	0
0.0000	0	0.000	0
0.0000	0	0.000	0
0.0000	0	0.000	0
0.0000	0	0.000	0
0.0000	0	0.000	0
0.0000	0	0.000	0
0.0000	0	0.000	0
0.0000	0	0.000	0
0.0000	0	0.000	0
0.0000	0	0.000	0
0.0000	0	0.000	0
0.0000	0	0.000	0
0.0000	0	0.000	0
0.0000	0	0.000	0
0.0000	0	0.000	0
0.0000	0	0.000	0
0.0000	0	0.000	0
0.0000	0	0.000	0
0.0000	0	0.000	0
0.0000	0	0.000	0
0.0000	0	0.000	0
0.0000	0	0.000	0
0.0000	0	0.000	0
0.0000	0	0.000	0
0.0000	0	0.000	0
0.0000	0	0.000	0
0.0000	0	0.000	0
0.0000	0	0.000	0
0.0000	0	0.000	0
0.0000	0	0.000	0
0.0000	0	0.000	0
0.0000	0	0.000	0
0.0000	0	0.000	0
0.0000	0	0.000	0
0.0000	0	0.000	0
0.0000	0	0.000	0
0.0000	0	0.000	0
0.0000	0	0.000	0
0.0000	0	0.000	0
0.0000	0	0.000	0
0.0000	0	0.000	0
0.0000	0	0.000	0
0.0000	0	0.000	0
0.0000	0	0.000	0
0.0000	0	0.000	0
0.0000	0	0.000	0
0.0000	0	0.000	0
0.0000	0	0.000	0
0.0000	0	0.000	0
0.0000	0	0.000	0
0.0000	0	0.000	0
0.0000	0	0.000	0
0.0000	0	0.000	0
0.0000	0	0.000	0
0.0000	0	0.000	0
0.0000	0	0.000	0
0.0000	0	0.000	0
0.0000	0	0.000	0
0.0000	0	0.000	0
0.0000	0	0.000	0
0.0000	0	0.000	0
0.0000	0	0.000	0
0.0000	0	0.000	0
0.0000	0	0.000	0
0.0000	0	0.000	0
0.0000	0	0.000	0
0.0000	0	0.000	0
0.0000	0	0.000	0
0.0000	0	0.000	0
0.0000	0	0.000	0
0.0000	0	0.000	0
0.0000	0	0.000	0
0.0000	0	0.000	0
0.0000	0	0.000	0
0.0000	0	0.000	0
0.0000	0	0.000	0
0.0000	0	0.000	0
0.0000	0	0.000	0
0.0000	0	0.000	0
0.0000	0	0.000	0
0.0000	0	0.000	0
0.0000	0	0.000	0
0.0000	0	0.000	0
0.0000	0	0.000	0
0.0000	0	0.000	0
0.0000	0	0.000	0
0.0000	0	0.000	0
0.0000	0	0.000	0
0.0000	0	0.000	0
0.0000	0	0.000	0
0.0000	0	0.000	0
0.0000	0	0.000	0
0.0000	0	0.000	0
0.0000	0	0.000	0
0.0000	0	0.000	0
0.0000	0	0.000	0
0.0000	0	0.000	0
0.0000	0	0.000	0
0.0000	0	0.000	0
0.0000	0	0.000	0
0.0000	0	0.000	0
0.0000	0	0.000	0
0.0000	0	0.000	0
0.0000	0	0.000	0
0.0000	0	0.000	0
0.0000	0	0.000	0
0.0000	0	0.000	0
0.0000	0	0.000	0
0.0000	0	0.000	0
0.0000	0	0.000	0
0.0000	0	0.000	0
0.0000	0	0.000	0
0.0000	0	0.000	0
0.0000	0	0.000	0
0.0000	0	0.000	0
0.0000	0	0.000	0
0.0000	0	0.000	0
0.0000	0	0.000	0
0.0000	0	0.000	0
0.0000	0	0.000	0
0.0000	0	0.000	0
0.0000	0	0.000	0
0.0000	0	0.000	0
0.0000	0	0.000	0
0.0000	0	0.000	0
0.0000	0	0.000	0
0.0000	0	0.000	0
0.0000	0	0.000	0
0.0000	0	0.000	0
0.0000	0	0.000	0
0.0000	0	0.000	0
0.0000	0	0.000	0
0.0000	0	0.000	0
0.0000	0	0.000	0
0.0000	0	0.000	0
0.0000	0	0.000	0
0.0000	0	0.000	0
0.0000	0	0.000	0
0.0000	0	0.000	0
0.0000	0	0.000	0
0.0000	0	0.000	0
0.0000	0	0.000	0
0.0000	0	0.000	0
0.0000	0	0.000	0
0.0000	0	0.000	0
0.0000	0	0.000	0
0.0000	0	0.000	0
0.0000	0	0.000	0
0.0000	0	0.000	0
0.0000	0	0.000	0
0.0000	0	0.000	0
0.0000	0	0.000	0
0.0000	0	0.000	0
0.0000	0	0.000	0
0.0000	0	0.000	0
0.0000	0	0.000	0
0.0000	0	0.000	0
0.0000	0	0.000	0
0.0000	0	0.000	0
0.0000	0	0.000	0
0.0000	0	0.000	0
0.0000	0	0.000	0
0.0000	0	0.000	0
0.0000	0	0.000	0
0.0000	0	0.000	0
0.0000	0	0.000	0
0.0000	0	0.000	0
0.0000	0	0.000	0
0.0000	0	0.000	0
0.0000	0	0.000	0
0.0000	0	0.000	0
0.0000	0	0.000	0
0.0000	0	0.000	0
0.0000	0	0.000	0
0.0000	0	0.000	0
0.0000	0	0.000	0
0.0000	0	0.000	0
0.0000	0	0.000	0
0.0000	0	0.000	0
0.0000	0	0.000	0
0.0000	0	0.000	0
0.0000	0	0.000	0
0.0000	0	0.000	0
0.0000	0	0.000	0
0.0000	0	0.000	0
0.0000	0	0.000	0
0.0000	0	0.000	0
0.0000	0	0.000	0
0.0000	0	0.000	0
0.0000	0	0.000	0
0.0000	0	0.000	0
0.0000	0	0.000	0
0.0000	0	0.000	0
0.0000	0	0.000	0
0.0000	0	0.000	0
0.0000	0	0.000	0
0.0000	0	0.000	0
0.0000	0	0.000	0
0.0000	0	0.000	0
0.0000	0	0.000	0
0.0000	0	0.000	0
0.0000	0	0.000	0
0.0000	0	0.000	0
0.0000	0	0.000	0
0.0000	0	0.000	0
0.0000	0	0.000	0
0.0000	0	0.000	0
0.0000	0	0.000	0
0.0000	0	0.000	0
0.0000	0	0.000	0
0.0000	0	0.000	0
0.0000	0	0.000	0
0.0000	0	0.000	0
0.0000	0	0.000	0
0.0000	0	0.000	0
0.0000	0	0.000	0
0.0000	0	0.000	0
0.0000	0	0.000	0
0.0000	0	0.000	0
0.0000	0	0.000	0
0.0000	0	0.000	0
0.0000	0	0.000	0
0.0000	0	0.000	0
0.0000	0	0.000	0
0.0000	0	0.000	0
0.0000	0	0.000	0
0.0000	0	0.000	0
0.0000	0	0.000	0
0.0000	0	0.000	0
0.0000	0	0.000	0
0.0000	0	0.000	0
0.0000	0	0.000	0
0.0000	0	0.000	0
0.0000	0	0.000	0
0.0000	0	0.000	0
0.0000	0	0.000	0
0.0000	0	0.000	0
0.0000	0	0.000	0
0.0000	0	0.000	0
0.0000	0	0.000	0
0.0000	0	0.000	0
0.0000	0	0.000	0
0.0000	0	0.000	0
0.0000	0	0.000	0
0.0000	0	0.000	0
0.0000	0	0.000	0
0.0000	0	0.000	0
0.0000	0	0.000	0
0.0000	0	0.000	0
0.0000	0	0.000	0
0.0000	0	0.000	0
0.0000	0	0.000	0
0.0000	0	0.000	0
0.0000	0	0.000	0
0.0000	0	0.000	0
0.0000	0	0.000	0
0.0000	0	0.000	0
0.0000	0	0.000	0
0.0000	0	0.000	0
0.0000	0	0.000	0
0.0000	0	0.000	0
0.0000	0	0.000	0
0.0000	0	0.000	0
0.0000	0	0.000	0
0.0000	0	0.000	0
0.0000	0	0.000	0
0.0000	0	0.000	0
0.0000	0	0.000	0
0.0000	0	0.000	0
0.0000	0	0.000	0
0.0000	0	0.000	0
0.0000	0	0.000	0
0.0000	0	0.000	0
0.0000	0	0.000	0
0.0000	0	0.000	0
0.0000	0	0.000	0
0.0000	0	0.000	0
0.0000	0	0.000	0
0.0000	0	0.000	0
0.0000	0	0.000	0
0.0000	0	0.000	0
0.0000	0	0.000	0
0.0000	0	0.000	0
0.0000	0	0.000	0
0.0000	0	0.000	0
0.0000	0	0.000	0
0.0000	0	0.000	0
0.0000	0	0.000	0
0.0000	0	0.000	0
0.0000	0	0.000	0
0.0000	0	0.000	0
0.0000	0	0.000	0
0.0000	0	0.000	0
0.0000	0	0.000	0
0.0000	0	0.000	0
0.0000	0	0.000	0
0.0000	0	0.000	0
0.0000	0	0.000	0
0.0000	0	0.000	0
0.0000	0	0.000	0
0.0000	0	0.000	0
0.0000	0	0.000	0
0.0000	0	0.000	0
0.0000	0	0.000	0
0.0000	0	0.000	0
0.0000	0	0.000	0
0.0000	0	0.000	0
0.0000	0	0.000	0
0.0000	0	0.000	0
0.0000	0	0.000	0
0.0000	0	0.000	0
0.0000	0	0.000	0
0.0000	0	0.000	0
0.0000	0	0.000	0
0.0000	0	0.000	0
0.0000	0	0.000	0
0.0000	0	0.000	0
0.0000	0	0.000	0
0.0000	0	0.000	0
0.0000	0	0.000	0
0.0000	0	0.000	0
0.0000	0	0.000	0
0.0000	0	0.000	0
0.0000	0	0.000	0
0.0000	0	0.000	0
0.0000	0	0.000	0
0.0000	0	0.000	0
0.0000	0	0.000	0
0.0000	0	0.000	0
0.0000	0	0.000	0
0.0000	0	0.000	0
0.0000	0	0.000	0
0.0000	0	0.000	0
0.0000	0	0.000	0
0.0000	0	0.000	0
0.0000	0	0.000	0
0.0000	0	0.000	0
0.0000	0	0.000	0
0.0000	0	0.000	0
0.0000	0	0.000	0
0.0000	0	0.000	0
0.0000	0	0.000	0
0.0000	0	0.000	0
0.0000	0	0.000	0
0.0000	0	0.000	0
0.0000	0	0.000	0
0.0000	0	0.000	0
0.0000	0	0.000	0
0.0000	0	0.000	0
0.0000	0	0.000	0
0.0000	0	0.000	0
0.0000	0	0.000	0
0.0000	0	0.000	0
0.0000	0	0.000	0
0.0000	0	0.000	0
0.0000	0	0.000	0
0.0000	0	0.000	0
0.0000	0	0.000	0
0.0000	0	0.000	0
0.0000	0	0.000	0
0.0000	0	0.000	0
0.0000	0	0.000	0
0.0000	0	0.000	0
0.0000	0	0.000	0
0.0000	0	0.000	0
0.0000	0	0.000	0
0.0000	0	0.000	0
0.0000	0	0.000	0
0.0000	0	0.000	0
0.0000	0	0.000	0
0.0000	0	0.000	0
0.0000	0	0.000	0
0.0000	0	0.000	0
0.0000	0	0.000	0
0.0000	0	0.000	0
0.0000	0	0.000	0
0.0000	0	0.000	0
0.0000	0	0.000	0
0.0000	0	0.000	0
0.0000	0	0.000	0
0.0000	0	0.000	0
