0.0034     206.00    0.00000     206.00       0.00 
0.0079     199.00    0.00000      -7.00      -1.00 
0.0100     196.00    0.00000      -3.00       0.00 
0.0151     189.00    0.00000      -7.00       0.00 
0.0211     182.00    0.00000      -7.00       0.00 
0.0252     178.00    0.00000      -4.00       0.00 
0.0302     173.00    0.00000      -5.00       0.00 
0.0351     167.00    0.00000      -6.00       0.00 
0.0401     163.00    0.00000      -4.00       0.00 
0.0450     158.00    0.00000      -5.00       0.00 
0.0500     154.00    0.00000      -4.00       0.00 
0.0551     150.00    0.00000      -4.00       0.00 
0.0601     145.00    0.00000      -5.00       0.00 
0.0650     138.00    0.00000      -7.00       0.00 
0.0701     129.00    0.00000      -9.00       0.00 
0.0750     121.00    0.00000      -8.00       0.00 
0.0808     114.00    0.00000      -7.00       0.00 
0.0866     109.00    0.00000      -5.00       0.00 
0.0909     106.00    0.00000      -3.00       0.00 
0.0950     104.00    0.00000      -2.00       0.00 
0.1000     101.00    0.00000      -3.00       0.00 
0.1051      99.00    0.00000      -2.00       0.00 
0.1100      97.00    0.00000      -2.00       0.00 
0.1150      96.00    0.00000      -1.00       0.00 
0.1200      95.00    0.00000      -1.00       0.00 
0.1251      94.00    0.00000      -1.00       0.00 
0.1300      93.00    0.00000      -1.00       0.00 
0.1351      93.00    0.00000       0.00       0.00 
0.1403      92.00    0.00000      -1.00       0.00 
0.1453      92.00    0.00000       0.00       0.00 
0.1501      92.00    0.00000       0.00       0.00 
0.1551      92.00    0.00000       0.00       0.00 
0.1601      92.00    0.00000       0.00       0.00 
0.1650      92.00    0.00000       0.00       0.00 
0.1701      92.00    0.00000       0.00       0.00 
0.1750      92.00    0.00000       0.00       0.00 
0.1800      92.00    0.00000       0.00       0.00 
0.1854      92.00    0.00000       0.00       0.00 
0.1913      92.00    0.00000       0.00       0.00 
0.1972      91.00    0.00000      -1.00       0.00 
0.2001      91.00    0.00000       0.00       0.00 
0.2050      91.00    0.00000       0.00       0.00 
0.2100      91.00    0.00000       0.00       0.00 
0.2151      91.00    0.00000       0.00       0.00 
0.2200      91.00    0.00000       0.00       0.00 
0.2250      91.00    0.00000       0.00       0.00 
0.2300      91.00    0.00000       0.00       0.00 
0.2350      91.00    0.00000       0.00       0.00 
0.2400      90.00    0.00000      -1.00       0.00 
0.2450      91.00    0.00000       1.00       1.00 
0.2535      92.00    0.00000       1.00       0.00 
0.2553      92.00    0.00000       0.00       0.00 
0.2601      93.00    0.00000       1.00       0.00 
0.2650      93.00    0.00000       0.00       0.00 
0.2701      94.00    0.00000       1.00       0.00 
0.2750      95.00    0.00000       1.00       0.00 
0.2801      97.00    0.00000       2.00       0.00 
0.2851      99.00    0.00000       2.00       0.00 
0.2900     100.00    0.00000       1.00       0.00 
0.2951     102.00    0.00000       2.00       0.00 
0.3000     103.00    0.00000       1.00       0.00 
0.3051     105.00    4.16706       2.00       0.00 
0.3100     106.00    4.16706       1.00       0.00 
0.3151     109.00    4.16706       3.00       0.00 
0.3205     111.00    4.16706       2.00       0.00 
0.3251     116.00    4.16706       5.00       0.00 
0.3300     123.00    4.16706       7.00       0.00 
0.3350     135.00    4.16706      12.00       0.00 
0.3400     148.00    4.16706      13.00       0.00 
0.3451     165.00    4.16706      17.00       0.00 
0.3500     183.00    4.16706      18.00       0.00 
0.3551     203.00    4.16706      20.00       0.00 
0.3614     232.00    4.16706      29.00       0.00 
0.3666     254.00    4.16706      22.00       0.00 
0.3700     265.00    4.16706      11.00       0.00 
0.3750     279.00    4.16706      14.00       0.00 
0.3800     290.00    4.16706      11.00       0.00 
0.3850     299.00    4.16706       9.00       0.00 
0.3901     306.00    4.16706       7.00       0.00 
0.3951     312.00    4.16706       6.00       0.00 
0.4000     322.00    4.16706      10.00       0.00 
0.4050     320.00    4.16706      -2.00       0.00 
0.4100     323.00    4.16706       3.00       0.00 
0.4151     326.00    4.16706       3.00       0.00 
0.4200     328.00    4.16706       2.00       0.00 
0.4250     329.00    4.16706       1.00       0.00 
0.4301     330.00    4.16706       1.00       0.00 
0.4350     330.00    4.16706       0.00       0.00 
0.4400     331.00    4.16706       1.00       0.00 
0.4451     331.00    4.16706       0.00       0.00 
0.4501     330.00    4.16706      -1.00       0.00 
0.4551     328.00    4.16482      -2.00       0.00 
0.4600     323.00    4.16482      -5.00       0.00 
0.4650     316.00    4.16482      -7.00       0.00 
0.4700     303.00    4.16482     -13.00      -1.00 
0.4750     285.00    4.16482     -18.00       0.00 
0.4826     248.00    4.16482     -37.00       0.00 
0.4872     224.00    4.16482     -24.00       0.00 
0.4901     209.00    4.16482     -15.00       0.00 
0.4950     186.00    4.16482     -23.00       0.00 
0.5000     168.00    4.16482     -18.00       0.00 
0.5051     154.00    4.16482     -14.00       0.00 
0.5101     143.00    4.16482     -11.00       0.00 
0.5150     129.00    4.16482     -14.00       0.00 
0.5201     119.00    4.16482     -10.00       0.00 
0.5251     112.00    4.16482      -7.00       0.00 
0.5301     109.00    4.16482      -3.00       0.00 
0.5385     108.00    4.16482      -1.00       0.00 
0.5423     108.00    4.16482       0.00       0.00 
0.5451     109.00    4.16482       1.00       0.00 
0.5500     110.00    4.16482       1.00       0.00 
0.5550     111.00    4.16482       1.00       0.00 
0.5601     113.00    4.16482       2.00       0.00 
0.5650     114.00    4.16482       1.00       0.00 
0.5700     117.00    4.16482       3.00       0.00 
0.5751     121.00    4.16482       4.00       0.00 
0.5801     125.00    4.16482       4.00       0.00 
0.5850     128.00    4.16482       3.00       0.00 
0.5901     129.00    4.16482       1.00       0.00 
0.5951     130.00    4.16482       1.00       0.00 
0.6005     131.00    4.16482       1.00       0.00 
0.6050     132.00    2.15026       1.00       0.00 
0.6101     132.00    2.15026       0.00       0.00 
0.6151     132.00    2.15026       0.00       0.00 
0.6201     133.00    2.15026       1.00       0.00 
0.6251     135.00    2.15026       2.00       0.00 
0.6300     138.00    2.15026       3.00       0.00 
0.6351     141.00    2.15026       3.00       0.00 
0.6401     145.00    2.15026       4.00       0.00 
0.6453     148.00    2.15026       3.00       0.00 
0.6507     153.00    2.15026       5.00       0.00 
0.6557     158.00    2.15026       5.00       0.00 
0.6601     164.00    2.15026       6.00       0.00 
0.6650     176.00    2.15026      12.00       1.00 
0.6700     198.00    2.15026      22.00       0.00 
0.6750     227.00    2.15026      29.00       0.00 
0.6800     254.00    2.15026      27.00       0.00 
0.6850     277.00    2.15026      23.00       0.00 
0.6900     297.00    2.15026      20.00       0.00 
0.6951     312.00    2.15026      15.00       0.00 
0.7001     322.00    2.15026      10.00       0.00 
0.7086     333.00    2.15026      11.00       0.00 
0.7124     336.00    2.15026       3.00       0.00 
0.7151     338.00    2.15026       2.00       0.00 
0.7201     341.00    2.15026       3.00       0.00 
0.7251     344.00    2.15026       3.00       0.00 
0.7300     346.00    2.15026       2.00       0.00 
0.7351     346.00    2.15026       0.00       0.00 
0.7400     346.00    2.15026       0.00       0.00 
0.7450     346.00    2.15026       0.00       0.00 
0.7500     346.00    2.15026       0.00       0.00 
0.7550     343.00    1.51871      -3.00       0.00 
0.7601     338.00    1.51871      -5.00       0.00 
0.7658     327.00    1.51871     -11.00      -1.00 
0.7707     310.00    1.51871     -17.00       0.00 
0.7750     286.00    1.51871     -24.00       0.00 
0.7801     247.00    1.51871     -39.00       0.00 
0.7850     213.00    1.51871     -34.00       0.00 
0.7901     189.00    1.51871     -24.00       0.00 
0.7950     171.00    1.51871     -18.00       0.00 
0.8000     151.00    1.51871     -20.00       0.00 
0.8050     127.00    1.51871     -24.00       0.00 
0.8101     112.00    1.51871     -15.00       0.00 
0.8161     102.00    1.51871     -10.00       0.00 
0.8201      99.00    1.51871      -3.00       0.00 
0.8251      96.00    1.51871      -3.00       0.00 
0.8301      94.00    1.51871      -2.00       0.00 
0.8350      93.00    1.51871      -1.00       0.00 
0.8401      93.00    1.51871       0.00       0.00 
0.8450      93.00    1.51871       0.00       0.00 
0.8516      92.00    1.51871      -1.00       0.00 
0.8551      92.00    1.51871       0.00       0.00 
0.8601      92.00    1.51871       0.00       0.00 
0.8651      92.00    1.51871       0.00       0.00 
0.8701      91.00    1.51871      -1.00       0.00 
0.8754      92.00    1.51871       1.00       0.00 
0.8819      93.00    1.51871       1.00       0.00 
0.8855      94.00    1.51871       1.00       0.00 
0.8901      96.00    1.51871       2.00       0.00 
0.8950      99.00    1.51871       3.00       0.00 
0.9001     102.00    1.51871       3.00       0.00 
0.9051     105.00    1.31597       3.00       0.00 
0.9101     108.00    1.31597       3.00       0.00 
0.9151     116.00    1.31597       8.00       1.00 
0.9200     132.00    1.31597      16.00       0.00 
0.9250     154.00    1.31597      22.00       0.00 
0.9302     183.00    1.31597      29.00       0.00 
0.9353     215.00    1.31597      32.00       0.00 
0.9400     240.00    1.31597      25.00       0.00 
0.9450     259.00    1.31597      19.00       0.00 
0.9501     275.00    1.31597      16.00       0.00 
0.9551     287.00    1.31597      12.00       0.00 
0.9600     297.00    1.31597      10.00       0.00 
0.9650     303.00    1.31597       6.00       0.00 
0.9700     309.00    1.31597       6.00       0.00 
0.9750     313.00    1.31597       4.00       0.00 
0.9814     316.00    1.31597       3.00       0.00 
0.9851     316.00    1.31597       0.00       0.00 
0.9900     312.00    1.31597      -4.00       0.00 
0.9951     298.00    1.31597     -14.00      -1.00 
1.0001     270.00    1.31597     -28.00       0.00 
1.0051     230.00    1.31597     -40.00       0.00 
1.0100     192.00    1.31597     -38.00       0.00 
1.0150     165.00    1.31597     -27.00       0.00 
1.0200     142.00    1.31597     -23.00       0.00 
1.0251     123.00    1.31597     -19.00       0.00 
1.0301     114.00    1.31597      -9.00       0.00 
1.0351     111.00    1.31597      -3.00       0.00 
1.0400     111.00    1.31597       0.00       0.00 
1.0451     112.00    1.31597       1.00       0.00 
1.0501     115.00    1.31597       3.00       0.00 
1.0550     120.00    1.90490       5.00       0.00 
1.0600     125.00    1.90490       5.00       0.00 
1.0650     130.00    1.90490       5.00       0.00 
1.0700     131.00    1.90490       1.00       0.00 
1.0751     133.00    1.90490       2.00       0.00 
1.0800     133.00    1.90490       0.00       0.00 
1.0851     134.00    1.90490       1.00       0.00 
1.0900     138.00    1.90490       4.00       0.00 
1.0951     143.00    1.90490       5.00       0.00 
1.1022     151.00    1.90490       8.00       0.00 
1.1051     152.00    1.90490       1.00       0.00 
1.1107     165.00    1.90490      13.00       1.00 
1.1150     184.00    1.90490      19.00       0.00 
1.1201     220.00    1.90490      36.00       0.00 
1.1250     252.00    1.90490      32.00       0.00 
1.1301     279.00    1.90490      27.00       0.00 
1.1351     297.00    1.90490      18.00       0.00 
1.1400     309.00    1.90490      12.00       0.00 
1.1451     318.00    1.90490       9.00       0.00 
1.1501     326.00    1.90490       8.00       0.00 
1.1558     331.00    1.90490       5.00       0.00 
1.1600     333.00    1.90490       2.00       0.00 
1.1651     335.00    1.90490       2.00       0.00 
1.1701     333.00    1.90490      -2.00       0.00 
1.1751     326.00    1.90490      -7.00       0.00 
1.1800     308.00    1.90490     -18.00      -1.00 
1.1850     267.00    1.90490     -41.00       0.00 
1.1900     218.00    1.90490     -49.00       0.00 
1.1951     184.00    1.90490     -34.00       0.00 
1.2001     153.00    1.90490     -31.00       0.00 
1.2051     122.00    2.41576     -31.00       0.00 
1.2100     107.00    2.41576     -15.00       0.00 
1.2151     100.00    2.41576      -7.00       0.00 
1.2200      96.00    2.41576      -4.00       0.00 
1.2251      95.00    2.41576      -1.00       0.00 
1.2300      94.00    2.41576      -1.00       0.00 
1.2350      93.00    2.41576      -1.00       0.00 
1.2401      93.00    2.41576       0.00       0.00 
1.2455      92.00    2.41576      -1.00       0.00 
1.2501      92.00    2.41576       0.00       0.00 
1.2551      94.00    2.41576       2.00       0.00 
1.2601      97.00    2.41576       3.00       0.00 
1.2651     101.00    2.41576       4.00       0.00 
1.2700     104.00    2.41576       3.00       0.00 
1.2752     111.00    2.41576       7.00       0.00 
1.2820     141.00    2.41576      30.00       1.00 
1.2850     160.00    2.41576      19.00       0.00 
1.2901     197.00    2.41576      37.00       0.00 
1.2950     227.00    2.41576      30.00       0.00 
1.3000     250.00    2.41576      23.00       0.00 
1.3051     268.00    2.41576      18.00       0.00 
1.3100     281.00    2.41576      13.00       0.00 
1.3150     291.00    2.41576      10.00       0.00 
1.3201     298.00    2.41576       7.00       0.00 
1.3257     302.00    2.41576       4.00       0.00 
1.3300     295.00    2.41576      -7.00       0.00 
1.3351     266.00    2.41576     -29.00      -1.00 
1.3401     215.00    2.41576     -51.00       0.00 
1.3451     172.00    2.41576     -43.00       0.00 
1.3500     140.00    2.41576     -32.00       0.00 
1.3550     120.00    2.94150     -20.00       0.00 
1.3600     114.00    2.94150      -6.00       0.00 
1.3650     113.00    2.94150      -1.00       0.00 
1.3701     116.00    2.94150       3.00       0.00 
1.3751     121.00    2.94150       5.00       0.00 
1.3800     128.00    2.94150       7.00       0.00 
1.3869     132.00    2.94150       4.00       0.00 
1.3907     133.00    2.94150       1.00       0.00 
1.3950     134.00    2.94150       1.00       0.00 
1.4000     138.00    2.94150       4.00       0.00 
1.4050     144.00    2.94150       6.00       0.00 
1.4100     151.00    2.94150       7.00       0.00 
1.4151     163.00    2.94150      12.00       1.00 
1.4200     193.00    2.94150      30.00       0.00 
1.4251     232.00    2.94150      39.00       0.00 
1.4300     263.00    2.94150      31.00       0.00 
1.4351     284.00    2.94150      21.00       0.00 
1.4408     301.00    2.94150      17.00       0.00 
1.4461     313.00    2.94150      12.00       0.00 
1.4503     318.00    2.94150       5.00       0.00 
1.4550     323.00    2.94150       5.00       0.00 
1.4600     324.00    2.94150       1.00       0.00 
1.4650     317.00    2.94150      -7.00       0.00 
1.4701     286.00    2.94150     -31.00      -1.00 
1.4750     228.00    2.94150     -58.00       0.00 
1.4801     184.00    2.94150     -44.00       0.00 
1.4850     142.00    2.94150     -42.00       0.00 
1.4900     114.00    2.94150     -28.00       0.00 
1.4950     102.00    2.94150     -12.00       0.00 
1.5013      97.00    2.94150      -5.00       0.00 
1.5051      96.00    3.44464      -1.00       0.00 
1.5102      94.00    3.44464      -2.00       0.00 
1.5150      93.00    3.44464      -1.00       0.00 
1.5200      92.00    3.44464      -1.00       0.00 
1.5250      93.00    3.44464       1.00       0.00 
1.5300      96.00    3.44464       3.00       0.00 
1.5351     100.00    3.44464       4.00       0.00 
1.5400     105.00    3.44464       5.00       0.00 
1.5451     115.00    3.44464      10.00       1.00 
1.5501     142.00    3.44464      27.00       0.00 
1.5550     180.00    3.44464      38.00       0.00 
1.5601     215.00    3.44464      35.00       0.00 
1.5659     245.00    3.44464      30.00       0.00 
1.5700     261.00    3.44464      16.00       0.00 
1.5751     275.00    3.44464      14.00       0.00 
1.5801     286.00    3.44464      11.00       0.00 
1.5851     292.00    3.44464       6.00       0.00 
1.5901     285.00    3.44464      -7.00       0.00 
1.5950     247.00    3.44464     -38.00      -1.00 
1.6002     190.00    3.44464     -57.00       0.00 
1.6050     152.00    3.44464     -38.00       0.00 
1.6104     122.00    3.44464     -30.00       0.00 
1.6151     115.00    3.44464      -7.00       0.00 
1.6219     116.00    3.44464       1.00       0.00 
1.6251     118.00    3.44464       2.00       0.00 
1.6301     125.00    3.44464       7.00       0.00 
1.6351     130.00    3.44464       5.00       0.00 
1.6401     133.00    3.44464       3.00       0.00 
1.6451     134.00    3.44464       1.00       0.00 
1.6501     139.00    3.44464       5.00       0.00 
1.6551     145.00    3.84679       6.00       0.00 
1.6600     154.00    3.84679       9.00       0.00 
1.6651     178.00    3.84679      24.00       1.00 
1.6733     242.00    3.84679      64.00       0.00 
1.6799     276.00    3.84679      34.00       0.00 
1.6808     279.00    3.84679       3.00       0.00 
1.6851     294.00    3.84679      15.00       0.00 
1.6901     306.00    3.84679      12.00       0.00 
1.6951     313.00    3.84679       7.00       0.00 
1.7000     318.00    3.84679       5.00       0.00 
1.7051     315.00    3.84679      -3.00       0.00 
1.7100     290.00    3.84679     -25.00      -1.00 
1.7150     229.00    3.84679     -61.00       0.00 
1.7201     181.00    3.84679     -48.00       0.00 
1.7251     134.00    3.84679     -47.00       0.00 
1.7301     110.00    3.84679     -24.00       0.00 
1.7350     101.00    3.84679      -9.00       0.00 
1.7401      97.00    3.84679      -4.00       0.00 
1.7450      95.00    3.84679      -2.00       0.00 
1.7500      94.00    3.84679      -1.00       0.00 
1.7551      93.00    3.84679      -1.00       0.00 
1.7601      94.00    3.84679       1.00       0.00 
1.7650      97.00    3.84679       3.00       0.00 
1.7700     101.00    3.84679       4.00       0.00 
1.7751     107.00    3.84679       6.00       0.00 
1.7807     131.00    3.84679      24.00       1.00 
1.7867     178.00    3.84679      47.00       0.00 
1.7905     205.00    3.84679      27.00       0.00 
1.7960     236.00    3.84679      31.00       0.00 
1.8001     254.00    3.84679      18.00       0.00 
1.8051     270.00    4.27019      16.00       0.00 
1.8101     281.00    4.27019      11.00       0.00 
1.8150     286.00    4.27019       5.00       0.00 
1.8201     270.00    4.27019     -16.00       0.00 
1.8250     217.00    4.27019     -53.00      -1.00 
1.8300     168.00    4.27019     -49.00       0.00 
1.8355     128.00    4.27019     -40.00       0.00 
1.8427     115.00    4.27019     -13.00       0.00 
1.8463     115.00    4.27019       0.00       0.00 
1.8501     117.00    4.27019       2.00       0.00 
1.8551     124.00    4.27019       7.00       0.00 
1.8600     128.00    4.27019       4.00       0.00 
1.8651     131.00    4.27019       3.00       0.00 
1.8701     132.00    4.27019       1.00       0.00 
1.8751     138.00    4.27019       6.00       0.00 
1.8800     146.00    4.27019       8.00       0.00 
1.8850     159.00    4.27019      13.00       0.00 
1.8900     195.00    4.27019      36.00       1.00 
1.8950     235.00    4.27019      40.00       0.00 
1.9006     267.00    4.27019      32.00       0.00 
1.9051     284.00    4.27019      17.00       0.00 
1.9101     299.00    4.27019      15.00       0.00 
1.9151     308.00    4.27019       9.00       0.00 
1.9200     314.00    4.27019       6.00       0.00 
1.9250     312.00    4.27019      -2.00       0.00 
1.9300     290.00    4.27019     -22.00      -1.00 
1.9351     230.00    4.27019     -60.00       0.00 
1.9401     180.00    4.27019     -50.00       0.00 
1.9453     129.00    4.27019     -51.00       0.00 
1.9501     108.00    4.27019     -21.00       0.00 
1.9578      98.00    4.56765     -10.00       0.00 
1.9611      96.00    4.56765      -2.00       0.00 
1.9651      95.00    4.56765      -1.00       0.00 
1.9701      94.00    4.56765      -1.00       0.00 
1.9750      93.00    4.56765      -1.00       0.00 
1.9800      94.00    4.56765       1.00       0.00 
1.9851      98.00    4.56765       4.00       0.00 
1.9901     103.00    4.56765       5.00       0.00 
1.9950     112.00    4.56765       9.00       0.00 
2.0000     139.00    4.56765      27.00       1.00 
2.0051     180.00    4.56765      41.00       0.00 
2.0100     214.00    4.56765      34.00       0.00 
2.0151     241.00    4.56765      27.00       0.00 
2.0200     260.00    4.56765      19.00       0.00 
2.0251     275.00    4.56765      15.00       0.00 
2.0301     284.00    4.56765       9.00       0.00 
2.0350     283.00    4.56765      -1.00       0.00 
2.0401     250.00    4.56765     -33.00      -1.00 
2.0451     192.00    4.56765     -58.00       0.00 
2.0501     149.00    4.56765     -43.00       0.00 
2.0550     122.00    4.56765     -27.00       0.00 
2.0601     115.00    4.56765      -7.00       0.00 
2.0650     115.00    4.56765       0.00       0.00 
2.0704     120.00    4.56765       5.00       0.00 
2.0751     126.00    4.56765       6.00       0.00 
2.0801     130.00    4.56765       4.00       0.00 
2.0850     131.00    4.56765       1.00       0.00 
2.0900     134.00    4.56765       3.00       0.00 
2.0951     141.00    4.56765       7.00       0.00 
2.1000     150.00    4.56765       9.00       0.00 
2.1050     174.00    4.65252      24.00       1.00 
2.1101     216.00    4.65252      42.00       0.00 
2.1150     251.00    4.65252      35.00       0.00 
2.1210     278.00    4.65252      27.00       0.00 
2.1267     296.00    4.65252      18.00       0.00 
2.1302     304.00    4.65252       8.00       0.00 
2.1350     311.00    4.65252       7.00       0.00 
2.1400     314.00    4.65252       3.00       0.00 
2.1450     307.00    4.65252      -7.00       0.00 
2.1500     265.00    4.65252     -42.00      -1.00 
2.1551     208.00    4.65252     -57.00       0.00 
2.1600     158.00    4.65252     -50.00       0.00 
2.1651     119.00    4.65252     -39.00       0.00 
2.1700     104.00    4.65252     -15.00       0.00 
2.1751      98.00    4.65252      -6.00       0.00 
2.1800      96.00    4.65252      -2.00       0.00 
2.1852      94.00    4.65252      -2.00       0.00 
2.1901      93.00    4.65252      -1.00       0.00 
2.1950      93.00    4.65252       0.00       0.00 
2.2000      95.00    4.65252       2.00       0.00 
2.2051     100.00    4.65252       5.00       0.00 
2.2101     105.00    4.65252       5.00       0.00 
2.2151     116.00    4.65252      11.00       0.00 
2.2201     147.00    4.65252      31.00       1.00 
2.2250     186.00    4.65252      39.00       0.00 
2.2300     220.00    4.65252      34.00       0.00 
2.2353     246.00    4.65252      26.00       0.00 
2.2403     264.00    4.65252      18.00       0.00 
2.2453     278.00    4.65252      14.00       0.00 
2.2500     286.00    4.65252       8.00       0.00 
2.2550     285.00    4.47863      -1.00       0.00 
2.2600     254.00    4.47863     -31.00      -1.00 
2.2650     196.00    4.47863     -58.00       0.00 
2.2700     153.00    4.47863     -43.00       0.00 
2.2750     124.00    4.47863     -29.00       0.00 
2.2801     115.00    4.47863      -9.00       0.00 
2.2850     114.00    4.47863      -1.00       0.00 
2.2913     120.00    4.47863       6.00       0.00 
2.2951     125.00    4.47863       5.00       0.00 
2.3001     129.00    4.47863       4.00       0.00 
2.3054     131.00    4.47863       2.00       0.00 
2.3101     132.00    4.47863       1.00       0.00 
2.3151     138.00    4.47863       6.00       0.00 
2.3201     146.00    4.47863       8.00       0.00 
2.3251     158.00    4.47863      12.00       1.00 
2.3300     192.00    4.47863      34.00       0.00 
2.3350     232.00    4.47863      40.00       0.00 
2.3401     262.00    4.47863      30.00       0.00 
2.3450     282.00    4.47863      20.00       0.00 
2.3501     297.00    4.47863      15.00       0.00 
2.3572     311.00    4.47863      14.00       0.00 
2.3600     314.00    4.47863       3.00       0.00 
2.3651     315.00    4.47863       1.00       0.00 
2.3701     303.00    4.47863     -12.00      -1.00 
2.3750     252.00    4.47863     -51.00       0.00 
2.3801     199.00    4.47863     -53.00       0.00 
2.3854     134.00    4.47863     -65.00       0.00 
2.3901     116.00    4.47863     -18.00       0.00 
2.3950     103.00    4.47863     -13.00       0.00 
2.4001      98.00    4.47863      -5.00       0.00 
2.4052      96.00    4.47863      -2.00       0.00 
2.4107      94.00    4.47863      -2.00       0.00 
2.4151      93.00    4.47863      -1.00       0.00 
2.4200      93.00    4.47863       0.00       0.00 
2.4251      95.00    4.47863       2.00       0.00 
2.4301      99.00    4.47863       4.00       0.00 
2.4351     104.00    4.47863       5.00       0.00 
2.4401     116.00    4.47863      12.00       1.00 
2.4450     146.00    4.47863      30.00       0.00 
2.4501     186.00    4.47863      40.00       0.00 
2.4550     219.00    4.47863      33.00       0.00 
2.4601     244.00    4.47863      25.00       0.00 
2.4650     263.00    4.47863      19.00       0.00 
2.4705     278.00    4.47863      15.00       0.00 
2.4758     287.00    4.47863       9.00       0.00 
2.4801     285.00    4.47863      -2.00       0.00 
2.4850     254.00    4.47863     -31.00      -1.00 
2.4900     196.00    4.47863     -58.00       0.00 
2.4950     152.00    4.47863     -44.00       0.00 
2.5000     123.00    4.47863     -29.00       0.00 
2.5051     115.00    4.47863      -8.00       0.00 
2.5100     114.00    4.47863      -1.00       0.00 
2.5150     118.00    4.47863       4.00       0.00 
2.5206     125.00    4.47863       7.00       0.00 
2.5265     129.00    4.47863       4.00       0.00 
2.5302     131.00    4.47863       2.00       0.00 
2.5351     133.00    4.47863       2.00       0.00 
2.5401     139.00    4.47863       6.00       0.00 
2.5450     146.00    4.47863       7.00       0.00 
2.5500     160.00    4.47863      14.00       1.00 
2.5551     198.00    4.51289      38.00       0.00 
2.5601     237.00    4.51289      39.00       0.00 
2.5650     265.00    4.51289      28.00       0.00 
2.5701     285.00    4.51289      20.00       0.00 
2.5750     299.00    4.51289      14.00       0.00 
2.5826     312.00    4.51289      13.00       0.00 
2.5853     314.00    4.51289       2.00       0.00 
2.5900     313.00    4.51289      -1.00       0.00 
2.5950     293.00    4.51289     -20.00      -1.00 
2.6001     237.00    4.51289     -56.00       0.00 
2.6050     187.00    4.51289     -50.00       0.00 
2.6101     137.00    4.51289     -50.00       0.00 
2.6151     111.00    4.51289     -26.00       0.00 
2.6201     101.00    4.51289     -10.00       0.00 
2.6251      97.00    4.51289      -4.00       0.00 
2.6301      95.00    4.51289      -2.00       0.00 
2.6386      93.00    4.51289      -2.00       0.00 
2.6403      93.00    4.51289       0.00       0.00 
2.6451      94.00    4.51289       1.00       0.00 
2.6501      97.00    4.51289       3.00       0.00 
2.6551     101.00    4.51289       4.00       0.00 
2.6600     107.00    4.51289       6.00       0.00 
2.6651     126.00    4.51289      19.00       1.00 
2.6700     161.00    4.51289      35.00       0.00 
2.6750     200.00    4.51289      39.00       0.00 
2.6807     233.00    4.51289      33.00       0.00 
2.6850     252.00    4.51289      19.00       0.00 
2.6901     270.00    4.51289      18.00       0.00 
2.6957     282.00    4.51289      12.00       0.00 
2.7001     288.00    4.51289       6.00       0.00 
2.7050     277.00    4.44430     -11.00      -1.00 
2.7101     227.00    4.44430     -50.00       0.00 
2.7150     175.00    4.44430     -52.00       0.00 
2.7200     136.00    4.44430     -39.00       0.00 
2.7250     118.00    4.44430     -18.00       0.00 
2.7301     114.00    4.44430      -4.00       0.00 
2.7351     115.00    4.44430       1.00       0.00 
2.7401     121.00    4.44430       6.00       0.00 
2.7457     127.00    4.44430       6.00       0.00 
2.7532     130.00    4.44430       3.00       0.00 
2.7571     132.00    4.44430       2.00       0.00 
2.7600     135.00    4.44430       3.00       0.00 
2.7650     142.00    4.44430       7.00       0.00 
2.7700     151.00    4.44430       9.00       0.00 
2.7751     178.00    4.44430      27.00       1.00 
2.7801     220.00    4.44430      42.00       0.00 
2.7851     253.00    4.44430      33.00       0.00 
2.7900     276.00    4.44430      23.00       0.00 
2.7950     293.00    4.44430      17.00       0.00 
2.8003     305.00    4.44430      12.00       0.00 
2.8087     314.00    4.44430       9.00       0.00 
2.8126     313.00    4.44430      -1.00       0.00 
2.8150     307.00    4.44430      -6.00       0.00 
2.8200     264.00    4.44430     -43.00      -1.00 
2.8250     208.00    4.44430     -56.00       0.00 
2.8301     157.00    4.44430     -51.00       0.00 
2.8351     119.00    4.44430     -38.00       0.00 
2.8401     104.00    4.44430     -15.00       0.00 
2.8451      98.00    4.44430      -6.00       0.00 
2.8501      96.00    4.44430      -2.00       0.00 
2.8550      94.00    4.44236      -2.00       0.00 
2.8601      93.00    4.44236      -1.00       0.00 
2.8650      93.00    4.44236       0.00       0.00 
2.8702      96.00    4.44236       3.00       0.00 
2.8750     100.00    4.44236       4.00       0.00 
2.8801     105.00    4.44236       5.00       0.00 
2.8851     117.00    4.44236      12.00       1.00 
2.8901     148.00    4.44236      31.00       0.00 
2.8951     189.00    4.44236      41.00       0.00 
2.9001     222.00    4.44236      33.00       0.00 
2.9050     246.00    4.44236      24.00       0.00 
2.9102     265.00    4.44236      19.00       0.00 
2.9159     280.00    4.44236      15.00       0.00 
2.9201     287.00    4.44236       7.00       0.00 
2.9251     283.00    4.44236      -4.00       0.00 
2.9300     246.00    4.44236     -37.00      -1.00 
2.9350     188.00    4.44236     -58.00       0.00 
2.9400     146.00    4.44236     -42.00       0.00 
2.9451     121.00    4.44236     -25.00       0.00 
2.9501     114.00    4.44236      -7.00       0.00 
2.9551     114.00    4.44236       0.00       0.00 
2.9600     119.00    4.44236       5.00       0.00 
2.9651     126.00    4.44236       7.00       0.00 
2.9701     129.00    4.44236       3.00       0.00 
2.9763     131.00    4.44236       2.00       0.00 
2.9801     133.00    4.44236       2.00       0.00 
2.9856     140.00    4.44236       7.00       0.00 
2.9900     147.00    4.44236       7.00       0.00 
2.9951     165.00    4.44236      18.00       1.00 
3.0000     205.00    4.44236      40.00       0.00 
3.0051     243.00    4.60505      38.00       0.00 
3.0110     273.00    4.60505      30.00       0.00 
3.0150     287.00    4.60505      14.00       0.00 
3.0201     301.00    4.60505      14.00       0.00 
3.0250     309.00    4.60505       8.00       0.00 
3.0311     314.00    4.60505       5.00       0.00 
3.0350     312.00    4.60505      -2.00       0.00 
3.0413     273.00    4.60505     -39.00      -1.00 
3.0460     219.00    4.60505     -54.00       0.00 
3.0501     180.00    4.60505     -39.00       0.00 
3.0551     132.00    4.60505     -48.00       0.00 
3.0600     109.00    4.60505     -23.00       0.00 
3.0650     100.00    4.60505      -9.00       0.00 
3.0700      97.00    4.60505      -3.00       0.00 
3.0750      95.00    4.60505      -2.00       0.00 
3.0801      94.00    4.60505      -1.00       0.00 
3.0851      93.00    4.60505      -1.00       0.00 
3.0901      94.00    4.60505       1.00       0.00 
3.0951      97.00    4.60505       3.00       0.00 
3.1005     102.00    4.60505       5.00       0.00 
3.1051     108.00    4.60505       6.00       0.00 
3.1100     128.00    4.60505      20.00       1.00 
3.1150     165.00    4.60505      37.00       0.00 
3.1201     204.00    4.60505      39.00       0.00 
3.1250     232.00    4.60505      28.00       0.00 
3.1300     254.00    4.60505      22.00       0.00 
3.1350     271.00    4.60505      17.00       0.00 
3.1400     282.00    4.60505      11.00       0.00 
3.1450     288.00    4.60505       6.00       0.00 
3.1500     276.00    4.60505     -12.00      -1.00 
3.1578     194.00    4.61685     -82.00       0.00 
3.1603     173.00    4.61685     -21.00       0.00 
3.1650     135.00    4.61685     -38.00       0.00 
3.1700     115.00    4.61685     -20.00       0.00 
3.1750     114.00    4.61685      -1.00       0.00 
3.1800     115.00    4.61685       1.00       0.00 
3.1850     121.00    4.61685       6.00       0.00 
3.1901     127.00    4.61685       6.00       0.00 
3.1950     129.00    4.61685       2.00       0.00 
3.2000     130.00    4.61685       1.00       0.00 
3.2050     134.00    4.61685       4.00       0.00 
3.2102     141.00    4.61685       7.00       0.00 
3.2166     154.00    4.61685      13.00       1.00 
3.2211     182.00    4.61685      28.00       0.00 
3.2251     216.00    4.61685      34.00       0.00 
3.2300     250.00    4.61685      34.00       0.00 
3.2351     274.00    4.61685      24.00       0.00 
3.2401     291.00    4.61685      17.00       0.00 
3.2450     303.00    4.61685      12.00       0.00 
3.2500     311.00    4.61685       8.00       0.00 
3.2550     318.00    4.61685       7.00       0.00 
3.2600     311.00    4.61685      -7.00       0.00 
3.2651     277.00    4.61685     -34.00      -1.00 
3.2703     218.00    4.61685     -59.00       0.00 
3.2758     163.00    4.61685     -55.00       0.00 
3.2800     126.00    4.61685     -37.00       0.00 
3.2859     105.00    4.61685     -21.00       0.00 
3.2904      99.00    4.61685      -6.00       0.00 
3.2950      97.00    4.61685      -2.00       0.00 
3.3000      95.00    4.61685      -2.00       0.00 
3.3051      94.00    4.44430      -1.00       0.00 
3.3100      93.00    4.44430      -1.00       0.00 
3.3151      94.00    4.44430       1.00       0.00 
3.3200      98.00    4.44430       4.00       0.00 
3.3250     102.00    4.44430       4.00       0.00 
3.3301     109.00    4.44430       7.00       0.00 
3.3350     132.00    4.44430      23.00       1.00 
3.3402     170.00    4.44430      38.00       0.00 
3.3465     216.00    4.44430      46.00       0.00 
3.3502     236.00    4.44430      20.00       0.00 
3.3550     256.00    4.44430      20.00       0.00 
3.3600     272.00    4.44430      16.00       0.00 
3.3650     283.00    4.44430      11.00       0.00 
3.3700     289.00    4.44430       6.00       0.00 
3.3750     276.00    4.44430     -13.00      -1.00 
3.3801     224.00    4.44430     -52.00       0.00 
3.3850     173.00    4.44430     -51.00       0.00 
3.3901     134.00    4.44430     -39.00       0.00 
3.3950     117.00    4.44430     -17.00       0.00 
3.4001     113.00    4.44430      -4.00       0.00 
3.4050     115.00    4.44430       2.00       0.00 
3.4102     121.00    4.44430       6.00       0.00 
3.4156     127.00    4.44430       6.00       0.00 
3.4206     130.00    4.44430       3.00       0.00 
3.4250     130.00    4.44430       0.00       0.00 
3.4300     134.00    4.44430       4.00       0.00 
3.4351     139.00    4.44430       5.00       0.00 
3.4400     149.00    4.44430      10.00       0.00 
3.4452     171.00    4.44430      22.00       1.00 
3.4500     212.00    4.44430      41.00       0.00 
3.4550     247.00    4.40196      35.00       0.00 
3.4600     272.00    4.40196      25.00       0.00 
3.4651     290.00    4.40196      18.00       0.00 
3.4711     305.00    4.40196      15.00       0.00 
3.4753     312.00    4.40196       7.00       0.00 
3.4800     315.00    4.40196       3.00       0.00 
3.4850     312.00    4.40196      -3.00       0.00 
3.4900     284.00    4.40196     -28.00      -1.00 
3.4951     227.00    4.40196     -57.00       0.00 
3.5000     179.00    4.40196     -48.00       0.00 
3.5051     131.00    4.40196     -48.00       0.00 
3.5102     108.00    4.40196     -23.00       0.00 
3.5152     100.00    4.40196      -8.00       0.00 
3.5201      97.00    4.40196      -3.00       0.00 
3.5250      95.00    4.40196      -2.00       0.00 
3.5300      94.00    4.40196      -1.00       0.00 
3.5350      93.00    4.40196      -1.00       0.00 
3.5410      94.00    4.40196       1.00       0.00 
3.5462      98.00    4.40196       4.00       0.00 
3.5508     102.00    4.40196       4.00       0.00 
3.5551     107.00    4.40196       5.00       0.00 
3.5601     124.00    4.40196      17.00       1.00 
3.5650     158.00    4.40196      34.00       0.00 
3.5701     198.00    4.40196      40.00       0.00 
3.5751     228.00    4.40196      30.00       0.00 
3.5800     251.00    4.40196      23.00       0.00 
3.5850     268.00    4.40196      17.00       0.00 
3.5900     281.00    4.40196      13.00       0.00 
3.5951     289.00    4.40196       8.00       0.00 
3.6001     285.00    4.40196      -4.00       0.00 
3.6050     250.00    4.44495     -35.00      -1.00 
3.6101     192.00    4.44495     -58.00       0.00 
3.6151     150.00    4.44495     -42.00       0.00 
3.6200     123.00    4.44495     -27.00       0.00 
3.6250     114.00    4.44495      -9.00       0.00 
3.6300     114.00    4.44495       0.00       0.00 
3.6351     117.00    4.44495       3.00       0.00 
3.6400     124.00    4.44495       7.00       0.00 
3.6451     128.00    4.44495       4.00       0.00 
3.6501     130.00    4.44495       2.00       0.00 
3.6551     131.00    4.44495       1.00       0.00 
3.6601     136.00    4.44495       5.00       0.00 
3.6650     143.00    4.44495       7.00       0.00 
3.6701     153.00    4.44495      10.00       0.00 
3.6750     181.00    4.44495      28.00       1.00 
3.6801     223.00    4.44495      42.00       0.00 
3.6859     259.00    4.44495      36.00       0.00 
3.6900     277.00    4.44495      18.00       0.00 
3.6951     294.00    4.44495      17.00       0.00 
3.7000     305.00    4.44495      11.00       0.00 
3.7051     313.00    4.44495       8.00       0.00 
3.7101     317.00    4.44495       4.00       0.00 
3.7150     313.00    4.44495      -4.00       0.00 
3.7201     282.00    4.44495     -31.00      -1.00 
3.7250     226.00    4.44495     -56.00       0.00 
3.7301     178.00    4.44495     -48.00       0.00 
3.7350     132.00    4.44495     -46.00       0.00 
3.7401     109.00    4.44495     -23.00       0.00 
3.7450     100.00    4.44495      -9.00       0.00 
3.7501      97.00    4.44495      -3.00       0.00 
3.7550      95.00    4.34898      -2.00       0.00 
3.7603      94.00    4.34898      -1.00       0.00 
3.7650      93.00    4.34898      -1.00       0.00 
3.7700      93.00    4.34898       0.00       0.00 
3.7751      96.00    4.34898       3.00       0.00 
3.7801     100.00    4.34898       4.00       0.00 
3.7851     105.00    4.34898       5.00       0.00 
3.7900     117.00    4.34898      12.00       1.00 
3.7951     147.00    4.34898      30.00       0.00 
3.8001     186.00    4.34898      39.00       0.00 
3.8051     220.00    4.34898      34.00       0.00 
3.8101     246.00    4.34898      26.00       0.00 
3.8150     264.00    4.34898      18.00       0.00 
3.8220     282.00    4.34898      18.00       0.00 
3.8251     288.00    4.34898       6.00       0.00 
3.8302     290.00    4.34898       2.00       0.00 
3.8351     269.00    4.34898     -21.00      -1.00 
3.8401     215.00    4.34898     -54.00       0.00 
3.8453     168.00    4.34898     -47.00       0.00 
3.8501     132.00    4.34898     -36.00       0.00 
3.8550     117.00    4.34898     -15.00       0.00 
3.8600     113.00    4.34898      -4.00       0.00 
3.8650     115.00    4.34898       2.00       0.00 
3.8700     120.00    4.34898       5.00       0.00 
3.8751     126.00    4.34898       6.00       0.00 
3.8801     129.00    4.34898       3.00       0.00 
3.8851     130.00    4.34898       1.00       0.00 
3.8900     133.00    4.34898       3.00       0.00 
3.8950     139.00    4.34898       6.00       0.00 
3.9001     147.00    4.34898       8.00       0.00 
3.9051     161.00    4.34683      14.00       1.00 
3.9101     199.00    4.34683      38.00       0.00 
3.9150     237.00    4.34683      38.00       0.00 
3.9200     265.00    4.34683      28.00       0.00 
3.9250     285.00    4.34683      20.00       0.00 
3.9301     299.00    4.34683      14.00       0.00 
3.9350     310.00    4.34683      11.00       0.00 
3.9400     316.00    4.34683       6.00       0.00 
3.9450     317.00    4.34683       1.00       0.00 
3.9501     309.00    4.34683      -8.00       0.00 
3.9550     267.00    4.34683     -42.00      -1.00 
3.9601     213.00    4.34683     -54.00       0.00 
3.9651     166.00    4.34683     -47.00       0.00 
3.9708     120.00    4.34683     -46.00       0.00 
3.9751     106.00    4.34683     -14.00       0.00 
3.9802      99.00    4.34683      -7.00       0.00 
3.9850      97.00    4.34683      -2.00       0.00 
3.9900      95.00    4.34683      -2.00       0.00 
3.9951      94.00    4.34683      -1.00       0.00 
4.0000      93.00    4.34683      -1.00       0.00 
4.0050      94.00    4.34683       1.00       0.00 
4.0101      96.00    4.34683       2.00       0.00 
4.0150     101.00    4.34683       5.00       0.00 
4.0200     106.00    4.34683       5.00       0.00 
4.0251     121.00    4.34683      15.00       1.00 
4.0301     152.00    4.34683      31.00       0.00 
4.0351     192.00    4.34683      40.00       0.00 
4.0400     224.00    4.34683      32.00       0.00 
4.0451     248.00    4.34683      24.00       0.00 
4.0500     266.00    4.34683      18.00       0.00 
4.0552     280.00    4.25637      14.00       0.00 
4.0601     289.00    4.25637       9.00       0.00 
4.0650     291.00    4.25637       2.00       0.00 
4.0701     269.00    4.25637     -22.00      -1.00 
4.0750     215.00    4.25637     -54.00       0.00 
4.0801     168.00    4.25637     -47.00       0.00 
4.0851     132.00    4.25637     -36.00       0.00 
4.0901     117.00    4.25637     -15.00       0.00 
4.0951     113.00    4.25637      -4.00       0.00 
4.1000     115.00    4.25637       2.00       0.00 
4.1050     120.00    4.25637       5.00       0.00 
4.1100     126.00    4.25637       6.00       0.00 
4.1150     128.00    4.25637       2.00       0.00 
4.1201     129.00    4.25637       1.00       0.00 
4.1251     132.00    4.25637       3.00       0.00 
4.1300     138.00    4.25637       6.00       0.00 
4.1352     146.00    4.25637       8.00       0.00 
4.1401     159.00    4.25637      13.00       1.00 
4.1451     194.00    4.25637      35.00       0.00 
4.1501     233.00    4.25637      39.00       0.00 
4.1551     263.00    4.25637      30.00       0.00 
4.1601     283.00    4.25637      20.00       0.00 
4.1650     298.00    4.25637      15.00       0.00 
4.1701     309.00    4.25637      11.00       0.00 
4.1750     316.00    4.25637       7.00       0.00 
4.1800     319.00    4.25637       3.00       0.00 
4.1851     314.00    4.25637      -5.00       0.00 
4.1900     284.00    4.25637     -30.00      -1.00 
4.1950     227.00    4.25637     -57.00       0.00 
4.2000     180.00    4.25637     -47.00       0.00 
4.2050     134.00    4.25519     -46.00       0.00 
4.2100     110.00    4.25519     -24.00       0.00 
4.2153     101.00    4.25519      -9.00       0.00 
4.2201      97.00    4.25519      -4.00       0.00 
4.2250      95.00    4.25519      -2.00       0.00 
4.2300      94.00    4.25519      -1.00       0.00 
4.2350      93.00    4.25519      -1.00       0.00 
4.2401      93.00    4.25519       0.00       0.00 
4.2450      95.00    4.25519       2.00       0.00 
4.2500      98.00    4.25519       3.00       0.00 
4.2550     103.00    4.25519       5.00       0.00 
4.2601     110.00    4.25519       7.00       0.00 
4.2650     130.00    4.25519      20.00       1.00 
4.2701     166.00    4.25519      36.00       0.00 
4.2750     204.00    4.25519      38.00       0.00 
4.2800     233.00    4.25519      29.00       0.00 
4.2852     256.00    4.25519      23.00       0.00 
4.2901     272.00    4.25519      16.00       0.00 
4.2951     284.00    4.25519      12.00       0.00 
4.3001     292.00    4.25519       8.00       0.00 
4.3050     291.00    4.25519      -1.00       0.00 
4.3100     266.00    4.25519     -25.00      -1.00 
4.3151     210.00    4.25519     -56.00       0.00 
4.3201     166.00    4.25519     -44.00       0.00 
4.3251     132.00    4.25519     -34.00       0.00 
4.3301     117.00    4.25519     -15.00       0.00 
4.3350     113.00    4.25519      -4.00       0.00 
4.3400     115.00    4.25519       2.00       0.00 
4.3451     119.00    4.25519       4.00       0.00 
4.3500     125.00    4.25519       6.00       0.00 
4.3551     128.00    4.16623       3.00       0.00 
4.3602     129.00    4.16623       1.00       0.00 
4.3654     131.00    4.16623       2.00       0.00 
4.3700     136.00    4.16623       5.00       0.00 
4.3751     144.00    4.16623       8.00       0.00 
4.3801     154.00    4.16623      10.00       0.00 
4.3851     181.00    4.16623      27.00       1.00 
4.3900     222.00    4.16623      41.00       0.00 
4.3950     255.00    4.16623      33.00       0.00 
4.4000     278.00    4.16623      23.00       0.00 
4.4051     294.00    4.16623      16.00       0.00 
4.4101     306.00    4.16623      12.00       0.00 
4.4150     314.00    4.16623       8.00       0.00 
4.4201     320.00    4.16623       6.00       0.00 
4.4251     319.00    4.16623      -1.00       0.00 
4.4300     306.00    4.16623     -13.00      -1.00 
4.4350     258.00    4.16623     -48.00       0.00 
4.4400     207.00    4.16623     -51.00       0.00 
4.4450     162.00    4.16623     -45.00       0.00 
4.4504     121.00    4.16623     -41.00       0.00 
4.4550     106.00    4.16623     -15.00       0.00 
4.4600      99.00    4.16623      -7.00       0.00 
4.4651      96.00    4.16623      -3.00       0.00 
4.4700      95.00    4.16623      -1.00       0.00 
4.4751      94.00    4.16623      -1.00       0.00 
4.4800      93.00    4.16623      -1.00       0.00 
4.4851      93.00    4.16623       0.00       0.00 
4.4901      96.00    4.16623       3.00       0.00 
4.4951      99.00    4.16623       3.00       0.00 
4.5001     104.00    4.16623       5.00       0.00 
4.5050     112.00    4.16765       8.00       0.00 
4.5101     137.00    4.16765      25.00       1.00 
4.5151     173.00    4.16765      36.00       0.00 
4.5200     210.00    4.16765      37.00       0.00 
4.5251     238.00    4.16765      28.00       0.00 
4.5301     259.00    4.16765      21.00       0.00 
4.5350     274.00    4.16765      15.00       0.00 
4.5400     286.00    4.16765      12.00       0.00 
4.5451     293.00    4.16765       7.00       0.00 
4.5501     291.00    4.16765      -2.00       0.00 
4.5550     261.00    4.16765     -30.00      -1.00 
4.5600     205.00    4.16765     -56.00       0.00 
4.5650     163.00    4.16765     -42.00       0.00 
4.5701     129.00    4.16765     -34.00       0.00 
4.5751     116.00    4.16765     -13.00       0.00 
4.5801     113.00    4.16765      -3.00       0.00 
4.5851     115.00    4.16765       2.00       0.00 
4.5901     120.00    4.16765       5.00       0.00 
4.5950     126.00    4.16765       6.00       0.00 
4.6001     129.00    4.16765       3.00       0.00 
4.6051     130.00    4.16765       1.00       0.00 
4.6101     132.00    4.16765       2.00       0.00 
4.6151     138.00    4.16765       6.00       0.00 
4.6200     145.00    4.16765       7.00       0.00 
4.6250     157.00    4.16765      12.00       1.00 
4.6301     189.00    4.16765      32.00       0.00 
4.6351     228.00    4.16765      39.00       0.00 
4.6401     259.00    4.16765      31.00       0.00 
4.6451     281.00    4.16765      22.00       0.00 
4.6500     296.00    4.16765      15.00       0.00 
4.6550     308.00    4.16875      12.00       0.00 
4.6601     315.00    4.16875       7.00       0.00 
4.6650     320.00    4.16875       5.00       0.00 
4.6700     318.00    4.16875      -2.00       0.00 
4.6751     297.00    4.16875     -21.00      -1.00 
4.6800     241.00    4.16875     -56.00       0.00 
4.6853     166.00    4.16875     -75.00       0.00 
4.6902     147.00    4.16875     -19.00       0.00 
4.6951     116.00    4.16875     -31.00       0.00 
4.7000     103.00    4.16875     -13.00       0.00 
4.7051      98.00    4.16875      -5.00       0.00 
4.7100      96.00    4.16875      -2.00       0.00 
4.7150      94.00    4.16875      -2.00       0.00 
4.7200      94.00    4.16875       0.00       0.00 
4.7250      93.00    4.16875      -1.00       0.00 
4.7301      94.00    4.16875       1.00       0.00 
4.7351      97.00    4.16875       3.00       0.00 
4.7400     101.00    4.16875       4.00       0.00 
4.7451     106.00    4.16875       5.00       0.00 
4.7500     121.00    4.16875      15.00       1.00 
4.7551     153.00    4.16875      32.00       0.00 
4.7601     192.00    4.16875      39.00       0.00 
4.7651     224.00    4.16875      32.00       0.00 
4.7700     248.00    4.16875      24.00       0.00 
4.7750     266.00    4.16875      18.00       0.00 
4.7801     280.00    4.16875      14.00       0.00 
4.7851     290.00    4.16875      10.00       0.00 
4.7901     293.00    4.16875       3.00       0.00 
4.7951     279.00    4.16875     -14.00      -1.00 
4.8000     232.00    4.16875     -47.00       0.00 
4.8050     180.00    4.21658     -52.00       0.00 
4.8100     144.00    4.21658     -36.00       0.00 
4.8150     121.00    4.21658     -23.00       0.00 
4.8200     114.00    4.21658      -7.00       0.00 
4.8251     114.00    4.21658       0.00       0.00 
4.8309     118.00    4.21658       4.00       0.00 
4.8350     123.00    4.21658       5.00       0.00 
4.8403     127.00    4.21658       4.00       0.00 
4.8450     129.00    4.21658       2.00       0.00 
4.8500     130.00    4.21658       1.00       0.00 
4.8550     133.00    4.21658       3.00       0.00 
4.8601     139.00    4.21658       6.00       0.00 
4.8650     146.00    4.21658       7.00       0.00 
4.8700     159.00    4.21658      13.00       1.00 
4.8751     193.00    4.21658      34.00       0.00 
4.8800     232.00    4.21658      39.00       0.00 
4.8850     262.00    4.21658      30.00       0.00 
4.8901     284.00    4.21658      22.00       0.00 
4.8950     299.00    4.21658      15.00       0.00 
4.9000     310.00    4.21658      11.00       0.00 
4.9050     317.00    4.21658       7.00       0.00 
4.9100     322.00    4.21658       5.00       0.00 
4.9150     322.00    4.21658       0.00       0.00 
4.9201     310.00    4.21658     -12.00      -1.00 
4.9251     267.00    4.21658     -43.00       0.00 
4.9300     215.00    4.21658     -52.00       0.00 
4.9350     171.00    4.21658     -44.00       0.00 
4.9400     129.00    4.21658     -42.00       0.00 
4.9451     108.00    4.21658     -21.00       0.00 
4.9501     100.00    4.21658      -8.00       0.00 
4.9550      97.00    4.08433      -3.00       0.00 
4.9600      95.00    4.08433      -2.00       0.00 
4.9651      94.00    4.08433      -1.00       0.00 
4.9701      93.00    4.08433      -1.00       0.00 
4.9750      92.00    4.08433      -1.00       0.00 
4.9800      94.00    4.08433       2.00       0.00 
4.9851      97.00    4.08433       3.00       0.00 
4.9900     101.00    4.08433       4.00       0.00 
4.9950     106.00    4.08433       5.00       0.00 
5.0001     119.00    4.08433      13.00       1.00 
5.0050     147.00    4.08433      28.00       0.00 
5.0101     186.00    4.08433      39.00       0.00 
5.0150     219.00    4.08433      33.00       0.00 
5.0200     245.00    4.08433      26.00       0.00 
5.0251     264.00    4.08433      19.00       0.00 
5.0301     278.00    4.08433      14.00       0.00 
5.0351     289.00    4.08433      11.00       0.00 
5.0400     295.00    4.08433       6.00       0.00 
5.0451     291.00    4.08433      -4.00       0.00 
5.0501     260.00    4.08433     -31.00      -1.00 
5.0550     206.00    4.08433     -54.00       0.00 
5.0601     164.00    4.08433     -42.00       0.00 
5.0651     131.00    4.08433     -33.00       0.00 
5.0701     116.00    4.08433     -15.00       0.00 
5.0750     113.00    4.08433      -3.00       0.00 
5.0800     114.00    4.08433       1.00       0.00 
5.0850     118.00    4.08433       4.00       0.00 
5.0900     124.00    4.08433       6.00       0.00 
5.0950     127.00    4.08433       3.00       0.00 
5.1000     129.00    4.08433       2.00       0.00 
5.1051     131.00    3.92112       2.00       0.00 
5.1100     134.00    3.92112       3.00       0.00 
5.1151     140.00    3.92112       6.00       0.00 
5.1200     148.00    3.92112       8.00       0.00 
5.1250     164.00    3.92112      16.00       1.00 
5.1302     202.00    3.92112      38.00       0.00 
5.1350     238.00    3.92112      36.00       0.00 
5.1400     267.00    3.92112      29.00       0.00 
5.1450     286.00    3.92112      19.00       0.00 
5.1500     300.00    3.92112      14.00       0.00 
5.1551     311.00    3.92112      11.00       0.00 
5.1601     318.00    3.92112       7.00       0.00 
5.1651     322.00    3.92112       4.00       0.00 
5.1701     321.00    3.92112      -1.00       0.00 
5.1751     309.00    3.92112     -12.00      -1.00 
5.1800     268.00    3.92112     -41.00       0.00 
5.1851     217.00    3.92112     -51.00       0.00 
5.1900     176.00    3.92112     -41.00       0.00 
5.1951     134.00    3.92112     -42.00       0.00 
5.2001     111.00    3.92112     -23.00       0.00 
5.2051      99.00    3.92112     -12.00       0.00 
5.2105      97.00    3.92112      -2.00       0.00 
5.2151      95.00    3.92112      -2.00       0.00 
5.2200      94.00    3.92112      -1.00       0.00 
5.2251      93.00    3.92112      -1.00       0.00 
5.2301      93.00    3.92112       0.00       0.00 
5.2351      93.00    3.92112       0.00       0.00 
5.2400      95.00    3.92112       2.00       0.00 
5.2450      99.00    3.92112       4.00       0.00 
5.2501     103.00    3.92112       4.00       0.00 
5.2551     108.00    3.92168       5.00       0.00 
5.2601     123.00    3.92168      15.00       1.00 
5.2651     153.00    3.92168      30.00       0.00 
5.2701     191.00    3.92168      38.00       0.00 
5.2757     227.00    3.92168      36.00       0.00 
5.2800     247.00    3.92168      20.00       0.00 
5.2851     266.00    3.92168      19.00       0.00 
5.2900     280.00    3.92168      14.00       0.00 
5.2950     290.00    3.92168      10.00       0.00 
5.3001     297.00    3.92168       7.00       0.00 
5.3051     297.00    3.92168       0.00       0.00 
5.3101     275.00    3.92168     -22.00      -1.00 
5.3151     225.00    3.92168     -50.00       0.00 
5.3201     179.00    3.92168     -46.00       0.00 
5.3250     145.00    3.92168     -34.00       0.00 
5.3301     121.00    3.92168     -24.00       0.00 
5.3350     114.00    3.92168      -7.00       0.00 
5.3401     113.00    3.92168      -1.00       0.00 
5.3451     115.00    3.92168       2.00       0.00 
5.3500     120.00    3.92168       5.00       0.00 
5.3551     126.00    3.92168       6.00       0.00 
5.3601     129.00    3.92168       3.00       0.00 
5.3651     130.00    3.92168       1.00       0.00 
5.3700     131.00    3.92168       1.00       0.00 
5.3751     135.00    3.92168       4.00       0.00 
5.3800     142.00    3.92168       7.00       0.00 
5.3850     150.00    3.92168       8.00       0.00 
5.3900     164.00    3.92168      14.00       1.00 
5.3950     200.00    3.92168      36.00       0.00 
5.4000     237.00    3.92168      37.00       0.00 
5.4051     266.00    3.77368      29.00       0.00 
5.4100     286.00    3.77368      20.00       0.00 
5.4150     301.00    3.77368      15.00       0.00 
5.4211     313.00    3.77368      12.00       0.00 
5.4251     319.00    3.77368       6.00       0.00 
5.4302     324.00    3.77368       5.00       0.00 
5.4351     323.00    3.77368      -1.00       0.00 
5.4401     314.00    3.77368      -9.00       0.00 
5.4450     282.00    3.77368     -32.00      -1.00 
5.4500     227.00    3.77368     -55.00       0.00 
5.4550     185.00    3.77368     -42.00       0.00 
5.4602     141.00    3.77368     -44.00       0.00 
5.4650     115.00    3.77368     -26.00       0.00 
5.4701     103.00    3.77368     -12.00       0.00 
5.4750      98.00    3.77368      -5.00       0.00 
5.4801      96.00    3.77368      -2.00       0.00 
5.4850      95.00    3.77368      -1.00       0.00 
5.4900      93.00    3.77368      -2.00       0.00 
5.4964      93.00    3.77368       0.00       0.00 
5.5001      92.00    3.77368      -1.00       0.00 
5.5051      93.00    3.77368       1.00       0.00 
5.5101      96.00    3.77368       3.00       0.00 
5.5151     100.00    3.77368       4.00       0.00 
5.5200     104.00    3.77368       4.00       0.00 
5.5250     110.00    3.77368       6.00       0.00 
5.5301     130.00    3.77368      20.00       1.00 
5.5351     161.00    3.77368      31.00       0.00 
5.5401     199.00    3.77368      38.00       0.00 
5.5450     229.00    3.77368      30.00       0.00 
5.5501     252.00    3.77368      23.00       0.00 
5.5551     269.00    3.71840      17.00       0.00 
5.5601     282.00    3.71840      13.00       0.00 
5.5650     293.00    3.71840      11.00       0.00 
5.5702     299.00    3.71840       6.00       0.00 
5.5751     300.00    3.71840       1.00       0.00 
5.5801     286.00    3.71840     -14.00      -1.00 
5.5851     246.00    3.71840     -40.00       0.00 
5.5901     195.00    3.71840     -51.00       0.00 
5.5951     158.00    3.71840     -37.00       0.00 
5.6000     129.00    3.71840     -29.00       0.00 
5.6050     116.00    3.71840     -13.00       0.00 
5.6100     112.00    3.71840      -4.00       0.00 
5.6151     113.00    3.71840       1.00       0.00 
5.6201     116.00    3.71840       3.00       0.00 
5.6251     121.00    3.71840       5.00       0.00 
5.6300     126.00    3.71840       5.00       0.00 
5.6350     129.00    3.71840       3.00       0.00 
5.6401     130.00    3.71840       1.00       0.00 
5.6451     131.00    3.71840       1.00       0.00 
5.6501     135.00    3.71840       4.00       0.00 
5.6550     141.00    3.71840       6.00       0.00 
5.6603     148.00    3.71840       7.00       0.00 
5.6650     159.00    3.71840      11.00       1.00 
5.6700     188.00    3.71840      29.00       0.00 
5.6750     226.00    3.71840      38.00       0.00 
5.6801     259.00    3.71840      33.00       0.00 
5.6851     281.00    3.71840      22.00       0.00 
5.6901     297.00    3.71840      16.00       0.00 
5.6950     309.00    3.71840      12.00       0.00 
5.7000     317.00    3.71840       8.00       0.00 
5.7051     323.00    3.63738       6.00       0.00 
5.7100     326.00    3.63738       3.00       0.00 
5.7150     325.00    3.63738      -1.00       0.00 
5.7201     314.00    3.63738     -11.00      -1.00 
5.7250     277.00    3.63738     -37.00       0.00 
5.7301     225.00    3.63738     -52.00       0.00 
5.7351     184.00    3.63738     -41.00       0.00 
5.7400     145.00    3.63738     -39.00       0.00 
5.7450     116.00    3.63738     -29.00       0.00 
5.7501     104.00    3.63738     -12.00       0.00 
5.7551      98.00    3.63738      -6.00       0.00 
5.7600      96.00    3.63738      -2.00       0.00 
5.7651      95.00    3.63738      -1.00       0.00 
5.7701      94.00    3.63738      -1.00       0.00 
5.7751      93.00    3.63738      -1.00       0.00 
5.7800      92.00    3.63738      -1.00       0.00 
5.7850      93.00    3.63738       1.00       0.00 
5.7901      95.00    3.63738       2.00       0.00 
5.7950      98.00    3.63738       3.00       0.00 
5.8001     102.00    3.63738       4.00       0.00 
5.8051     107.00    3.63738       5.00       0.00 
5.8102     118.00    3.63738      11.00       1.00 
5.8150     143.00    3.63738      25.00       0.00 
5.8200     177.00    3.63738      34.00       0.00 
5.8250     212.00    3.63738      35.00       0.00 
5.8300     240.00    3.63738      28.00       0.00 
5.8350     260.00    3.63738      20.00       0.00 
5.8400     275.00    3.63738      15.00       0.00 
5.8451     287.00    3.63738      12.00       0.00 
5.8500     296.00    3.63738       9.00       0.00 
5.8550     301.00    3.56628       5.00       0.00 
5.8600     300.00    3.56628      -1.00       0.00 
5.8651     283.00    3.56628     -17.00      -1.00 
5.8704     236.00    3.56628     -47.00       0.00 
5.8751     190.00    3.56628     -46.00       0.00 
5.8803     153.00    3.56628     -37.00       0.00 
5.8850     128.00    3.56628     -25.00       0.00 
5.8901     115.00    3.56628     -13.00       0.00 
5.8951     112.00    3.56628      -3.00       0.00 
5.9001     113.00    3.56628       1.00       0.00 
5.9050     116.00    3.56628       3.00       0.00 
5.9101     121.00    3.56628       5.00       0.00 
5.9151     126.00    3.56628       5.00       0.00 
5.9201     129.00    3.56628       3.00       0.00 
5.9250     130.00    3.56628       1.00       0.00 
5.9300     131.00    3.56628       1.00       0.00 
5.9350     134.00    3.56628       3.00       0.00 
5.9408     140.00    3.56628       6.00       0.00 
5.9454     146.00    3.56628       6.00       0.00 
5.9508     157.00    3.56628      11.00       1.00 
5.9551     176.00    3.56628      19.00       0.00 
5.9600     214.00    3.56628      38.00       0.00 
5.9650     249.00    3.56628      35.00       0.00 
5.9701     275.00    3.56628      26.00       0.00 
5.9751     293.00    3.56628      18.00       0.00 
5.9801     305.00    3.56628      12.00       0.00 
5.9851     315.00    3.56628      10.00       0.00 
5.9900     321.00    3.56628       6.00       0.00 
5.9950     326.00    3.56628       5.00       0.00 
6.0001     327.00    3.56628       1.00       0.00 
6.0050     322.00    3.50871      -5.00       0.00 
6.0107     300.00    3.50871     -22.00      -1.00 
6.0152     256.00    3.50871     -44.00       0.00 
6.0202     210.00    3.50871     -46.00       0.00 
6.0251     174.00    3.50871     -36.00       0.00 
6.0300     135.00    3.50871     -39.00       0.00 
6.0350     112.00    3.50871     -23.00       0.00 
6.0401     102.00    3.50871     -10.00       0.00 
6.0450      98.00    3.50871      -4.00       0.00 
6.0500      95.00    3.50871      -3.00       0.00 
6.0550      94.00    3.50871      -1.00       0.00 
6.0600      93.00    3.50871      -1.00       0.00 
6.0651      93.00    3.50871       0.00       0.00 
6.0701      92.00    3.50871      -1.00       0.00 
6.0750      93.00    3.50871       1.00       0.00 
6.0801      95.00    3.50871       2.00       0.00 
6.0852      99.00    3.50871       4.00       0.00 
6.0903     103.00    3.50871       4.00       0.00 
6.0953     107.00    3.50871       4.00       0.00 
6.1001     119.00    3.50871      12.00       1.00 
6.1050     144.00    3.50871      25.00       0.00 
6.1101     180.00    3.50871      36.00       0.00 
6.1151     215.00    3.50871      35.00       0.00 
6.1200     241.00    3.50871      26.00       0.00 
6.1251     261.00    3.50871      20.00       0.00 
6.1301     276.00    3.50871      15.00       0.00 
6.1352     288.00    3.50871      12.00       0.00 
6.1401     295.00    3.50871       7.00       0.00 
6.1451     301.00    3.50871       6.00       0.00 
6.1501     297.00    3.50871      -4.00       0.00 
6.1550     275.00    3.44851     -22.00      -1.00 
6.1601     226.00    3.44851     -49.00       0.00 
6.1651     180.00    3.44851     -46.00       0.00 
6.1700     149.00    3.44851     -31.00       0.00 
6.1751     123.00    3.44851     -26.00       0.00 
6.1800     114.00    3.44851      -9.00       0.00 
6.1851     112.00    3.44851      -2.00       0.00 
6.1900     113.00    3.44851       1.00       0.00 
6.1950     117.00    3.44851       4.00       0.00 
6.2001     123.00    3.44851       6.00       0.00 
6.2052     128.00    3.44851       5.00       0.00 
6.2102     130.00    3.44851       2.00       0.00 
6.2150     133.00    3.44851       3.00       0.00 
6.2200     132.00    3.44851      -1.00       0.00 
6.2251     137.00    3.44851       5.00       0.00 
6.2300     142.00    3.44851       5.00       0.00 
6.2351     150.00    3.44851       8.00       0.00 
6.2401     164.00    3.44851      14.00       1.00 
6.2450     198.00    3.44851      34.00       0.00 
6.2501     235.00    3.44851      37.00       0.00 
6.2552     266.00    3.44851      31.00       0.00 
6.2601     285.00    3.44851      19.00       0.00 
6.2650     300.00    3.44851      15.00       0.00 
6.2701     311.00    3.44851      11.00       0.00 
6.2750     319.00    3.44851       8.00       0.00 
6.2800     324.00    3.44851       5.00       0.00 
6.2850     326.00    3.44851       2.00       0.00 
6.2901     324.00    3.44851      -2.00       0.00 
6.2950     313.00    3.44851     -11.00      -1.00 
6.3001     275.00    3.44851     -38.00       0.00 
6.3050     225.00    3.54403     -50.00       0.00 
6.3101     184.00    3.54403     -41.00       0.00 
6.3151     145.00    3.54403     -39.00       0.00 
6.3202     116.00    3.54403     -29.00       0.00 
6.3250     104.00    3.54403     -12.00       0.00 
6.3315      97.00    3.54403      -7.00       0.00 
6.3351      96.00    3.54403      -1.00       0.00 
6.3401      95.00    3.54403      -1.00       0.00 
6.3451      94.00    3.54403      -1.00       0.00 
6.3500      93.00    3.54403      -1.00       0.00 
6.3551      92.00    3.54403      -1.00       0.00 
6.3601      93.00    3.54403       1.00       0.00 
6.3650      95.00    3.54403       2.00       0.00 
6.3700      98.00    3.54403       3.00       0.00 
6.3750     102.00    3.54403       4.00       0.00 
6.3800     107.00    3.54403       5.00       0.00 
6.3850     120.00    3.54403      13.00       1.00 
6.3901     147.00    3.54403      27.00       0.00 
6.3951     183.00    3.54403      36.00       0.00 
6.4000     217.00    3.54403      34.00       0.00 
6.4050     242.00    3.54403      25.00       0.00 
6.4101     262.00    3.54403      20.00       0.00 
6.4150     277.00    3.54403      15.00       0.00 
6.4200     288.00    3.54403      11.00       0.00 
6.4250     296.00    3.54403       8.00       0.00 
6.4300     300.00    3.54403       4.00       0.00 
6.4351     295.00    3.54403      -5.00       0.00 
6.4400     268.00    3.54403     -27.00      -1.00 
6.4451     217.00    3.54403     -51.00       0.00 
6.4500     175.00    3.54403     -42.00       0.00 
6.4551     141.00    3.50784     -34.00       0.00 
6.4600     120.00    3.50784     -21.00       0.00 
6.4651     113.00    3.50784      -7.00       0.00 
6.4701     112.00    3.50784      -1.00       0.00 
6.4751     114.00    3.50784       2.00       0.00 
6.4800     119.00    3.50784       5.00       0.00 
6.4851     125.00    3.50784       6.00       0.00 
6.4901     128.00    3.50784       3.00       0.00 
6.4951     130.00    3.50784       2.00       0.00 
6.5001     131.00    3.50784       1.00       0.00 
6.5050     133.00    3.50784       2.00       0.00 
6.5100     139.00    3.50784       6.00       0.00 
6.5150     146.00    3.50784       7.00       0.00 
6.5201     155.00    3.50784       9.00       0.00 
6.5250     176.00    3.50784      21.00       1.00 
6.5302     216.00    3.50784      40.00       0.00 
6.5351     250.00    3.50784      34.00       0.00 
6.5400     275.00    3.50784      25.00       0.00 
6.5450     293.00    3.50784      18.00       0.00 
6.5501     305.00    3.50784      12.00       0.00 
6.5550     315.00    3.50784      10.00       0.00 
6.5600     322.00    3.50784       7.00       0.00 
6.5650     325.00    3.50784       3.00       0.00 
6.5700     326.00    3.50784       1.00       0.00 
6.5751     318.00    3.50784      -8.00       0.00 
6.5801     288.00    3.50784     -30.00      -1.00 
6.5850     235.00    3.50784     -53.00       0.00 
6.5900     192.00    3.50784     -43.00       0.00 
6.5953     137.00    3.50784     -55.00       0.00 
6.6001     119.00    3.50784     -18.00       0.00 
6.6073     101.00    3.52159     -18.00       0.00 
6.6104      99.00    3.52159      -2.00       0.00 
6.6151      96.00    3.52159      -3.00       0.00 
6.6200      95.00    3.52159      -1.00       0.00 
6.6251      94.00    3.52159      -1.00       0.00 
6.6301      93.00    3.52159      -1.00       0.00 
6.6351      92.00    3.52159      -1.00       0.00 
6.6401      93.00    3.52159       1.00       0.00 
6.6451      95.00    3.52159       2.00       0.00 
6.6501      99.00    3.52159       4.00       0.00 
6.6551     103.00    3.52159       4.00       0.00 
6.6600     109.00    3.52159       6.00       0.00 
6.6651     126.00    3.52159      17.00       1.00 
6.6700     157.00    3.52159      31.00       0.00 
6.6751     195.00    3.52159      38.00       0.00 
6.6801     226.00    3.52159      31.00       0.00 
6.6850     250.00    3.52159      24.00       0.00 
6.6900     268.00    3.52159      18.00       0.00 
6.6951     281.00    3.52159      13.00       0.00 
6.7001     291.00    3.52159      10.00       0.00 
6.7050     298.00    3.52159       7.00       0.00 
6.7101     297.00    3.52159      -1.00       0.00 
6.7151     280.00    3.52159     -17.00      -1.00 
6.7200     234.00    3.52159     -46.00       0.00 
6.7250     185.00    3.52159     -49.00       0.00 
6.7300     149.00    3.52159     -36.00       0.00 
6.7351     123.00    3.52159     -26.00       0.00 
6.7401     114.00    3.52159      -9.00       0.00 
6.7450     113.00    3.52159      -1.00       0.00 
6.7500     114.00    3.52159       1.00       0.00 
6.7551     119.00    3.63738       5.00       0.00 
6.7601     126.00    3.63738       7.00       0.00 
6.7650     128.00    3.63738       2.00       0.00 
6.7700     130.00    3.63738       2.00       0.00 
6.7750     131.00    3.63738       1.00       0.00 
6.7801     134.00    3.63738       3.00       0.00 
6.7850     140.00    3.63738       6.00       0.00 
6.7900     147.00    3.63738       7.00       0.00 
6.7950     158.00    3.63738      11.00       1.00 
6.8001     187.00    3.63738      29.00       0.00 
6.8050     226.00    3.63738      39.00       0.00 
6.8100     258.00    3.63738      32.00       0.00 
6.8150     281.00    3.63738      23.00       0.00 
6.8227     303.00    3.63738      22.00       0.00 
6.8250     309.00    3.63738       6.00       0.00 
6.8301     317.00    3.63738       8.00       0.00 
6.8351     322.00    3.63738       5.00       0.00 
6.8400     324.00    3.63738       2.00       0.00 
6.8451     319.00    3.63738      -5.00       0.00 
6.8500     296.00    3.63738     -23.00      -1.00 
6.8550     243.00    3.63738     -53.00       0.00 
6.8601     198.00    3.63738     -45.00       0.00 
6.8651     155.00    3.63738     -43.00       0.00 
6.8701     121.00    3.63738     -34.00       0.00 
6.8750     105.00    3.63738     -16.00       0.00 
6.8800      99.00    3.63738      -6.00       0.00 
6.8851      96.00    3.63738      -3.00       0.00 
6.8900      95.00    3.63738      -1.00       0.00 
6.8950      93.00    3.63738      -2.00       0.00 
6.9002      93.00    3.63738       0.00       0.00 
6.9050      92.00    3.69756      -1.00       0.00 
6.9100      94.00    3.69756       2.00       0.00 
6.9150      97.00    3.69756       3.00       0.00 
6.9201     101.00    3.69756       4.00       0.00 
6.9250     106.00    3.69756       5.00       0.00 
6.9302     118.00    3.69756      12.00       1.00 
6.9350     145.00    3.69756      27.00       0.00 
6.9401     183.00    3.69756      38.00       0.00 
6.9451     217.00    3.69756      34.00       0.00 
6.9500     243.00    3.69756      26.00       0.00 
6.9550     261.00    3.69756      18.00       0.00 
6.9601     276.00    3.69756      15.00       0.00 
6.9650     287.00    3.69756      11.00       0.00 
6.9701     294.00    3.69756       7.00       0.00 
6.9751     293.00    3.69756      -1.00       0.00 
6.9801     271.00    3.69756     -22.00      -1.00 
6.9851     218.00    3.69756     -53.00       0.00 
6.9900     173.00    3.69756     -45.00       0.00 
6.9951     138.00    3.69756     -35.00       0.00 
7.0001     119.00    3.69756     -19.00       0.00 
7.0050     113.00    3.69756      -6.00       0.00 
7.0100     113.00    3.69756       0.00       0.00 
7.0150     117.00    3.69756       4.00       0.00 
7.0200     123.00    3.69756       6.00       0.00 
7.0251     127.00    3.69756       4.00       0.00 
7.0301     130.00    3.69756       3.00       0.00 
7.0351     131.00    3.69756       1.00       0.00 
7.0401     134.00    3.69756       3.00       0.00 
7.0450     139.00    3.69756       5.00       0.00 
7.0500     146.00    3.69756       7.00       0.00 
7.0550     157.00    3.77427      11.00       1.00 
7.0601     187.00    3.77427      30.00       0.00 
7.0650     226.00    3.77427      39.00       0.00 
7.0700     258.00    3.77427      32.00       0.00 
7.0750     280.00    3.77427      22.00       0.00 
7.0800     296.00    3.77427      16.00       0.00 
7.0851     308.00    3.77427      12.00       0.00 
7.0900     316.00    3.77427       8.00       0.00 
7.0951     321.00    3.77427       5.00       0.00 
7.1000     321.00    3.77427       0.00       0.00 
7.1050     312.00    3.77427      -9.00       0.00 
7.1101     274.00    3.77427     -38.00      -1.00 
7.1150     220.00    3.77427     -54.00       0.00 
7.1201     178.00    3.77427     -42.00       0.00 
7.1251     134.00    3.77427     -44.00       0.00 
7.1300     111.00    3.77427     -23.00       0.00 
7.1350     101.00    3.77427     -10.00       0.00 
7.1400      97.00    3.77427      -4.00       0.00 
7.1451      95.00    3.77427      -2.00       0.00 
7.1500      94.00    3.77427      -1.00       0.00 
7.1551      93.00    3.77427      -1.00       0.00 
7.1601      92.00    3.77427      -1.00       0.00 
7.1650      93.00    3.77427       1.00       0.00 
7.1701      96.00    3.77427       3.00       0.00 
7.1751     100.00    3.77427       4.00       0.00 
7.1802     104.00    3.77427       4.00       0.00 
7.1851     113.00    3.77427       9.00       0.00 
7.1900     138.00    3.77427      25.00       1.00 
7.1950     174.00    3.77427      36.00       0.00 
7.2000     210.00    3.77427      36.00       0.00 
7.2050     237.00    3.84548      27.00       0.00 
7.2101     257.00    3.84548      20.00       0.00 
7.2151     273.00    3.84548      16.00       0.00 
7.2200     284.00    3.84548      11.00       0.00 
7.2250     291.00    3.84548       7.00       0.00 
7.2301     291.00    3.84548       0.00       0.00 
7.2351     272.00    3.84548     -19.00      -1.00 
7.2400     221.00    3.84548     -51.00       0.00 
7.2451     175.00    3.84548     -46.00       0.00 
7.2501     140.00    3.84548     -35.00       0.00 
7.2550     119.00    3.84548     -21.00       0.00 
7.2600     113.00    3.84548      -6.00       0.00 
7.2651     113.00    3.84548       0.00       0.00 
7.2700     117.00    3.84548       4.00       0.00 
7.2750     123.00    3.84548       6.00       0.00 
7.2800     127.00    3.84548       4.00       0.00 
7.2850     130.00    3.84548       3.00       0.00 
7.2900     131.00    3.84548       1.00       0.00 
7.2950     134.00    3.84548       3.00       0.00 
7.3000     139.00    3.84548       5.00       0.00 
7.3051     146.00    3.84548       7.00       0.00 
7.3100     158.00    3.84548      12.00       1.00 
7.3151     190.00    3.84548      32.00       0.00 
7.3200     230.00    3.84548      40.00       0.00 
7.3251     260.00    3.84548      30.00       0.00 
7.3300     281.00    3.84548      21.00       0.00 
7.3351     297.00    3.84548      16.00       0.00 
7.3400     308.00    3.84548      11.00       0.00 
7.3450     315.00    3.84548       7.00       0.00 
7.3500     320.00    3.84548       5.00       0.00 
7.3551     319.00    3.92130      -1.00       0.00 
7.3600     306.00    3.92130     -13.00      -1.00 
7.3650     261.00    3.92130     -45.00       0.00 
7.3701     210.00    3.92130     -51.00       0.00 
7.3750     167.00    3.92130     -43.00       0.00 
7.3800     126.00    3.92130     -41.00       0.00 
7.3851     107.00    3.92130     -19.00       0.00 
7.3900      99.00    3.92130      -8.00       0.00 
7.3951      96.00    3.92130      -3.00       0.00 
7.4000      95.00    3.92130      -1.00       0.00 
7.4050      93.00    3.92130      -2.00       0.00 
7.4101      92.00    3.92130      -1.00       0.00 
7.4151      92.00    3.92130       0.00       0.00 
7.4200      93.00    3.92130       1.00       0.00 
7.4251      97.00    3.92130       4.00       0.00 
7.4301     101.00    3.92130       4.00       0.00 
7.4351     106.00    3.92130       5.00       0.00 
7.4401     122.00    3.92130      16.00       1.00 
7.4450     153.00    3.92130      31.00       0.00 
7.4501     192.00    3.92130      39.00       0.00 
7.4551     223.00    3.92130      31.00       0.00 
7.4600     123.00    3.92130    -100.00      -1.00 
7.4650     264.00    3.92130     141.00       1.00 
7.4700     277.00    3.92130      13.00       0.00 
7.4751     286.00    3.92130       9.00       0.00 
7.4801     290.00    3.92130       4.00       0.00 
7.4851     280.00    3.92130     -10.00       0.00 
7.4901     239.00    3.92130     -41.00      -1.00 
7.4951     186.00    3.92130     -53.00       0.00 
7.5001     149.00    3.92130     -37.00       0.00 
7.5051     122.00    7.67688     -27.00       0.00 
7.5101     114.00    7.67688      -8.00       0.00 
7.5151     112.00    7.67688      -2.00       0.00 
7.5200     115.00    7.67688       3.00       0.00 
7.5251     120.00    7.67688       5.00       0.00 
7.5301     125.00    7.67688       5.00       0.00 
7.5351     127.00    7.67688       2.00       0.00 
7.5400     128.00    7.67688       1.00       0.00 
7.5451     130.00    7.67688       2.00       0.00 
7.5500     136.00    7.67688       6.00       0.00 
7.5551     143.00    7.67688       7.00       0.00 
7.5601     153.00    7.67688      10.00       0.00 
7.5650     179.00    7.67688      26.00       0.00 
7.5701     220.00    7.67688      41.00       1.00 
7.5750     253.00    7.67688      33.00       0.00 
7.5801     276.00    7.67688      23.00       0.00 
7.5851     292.00    7.67688      16.00       0.00 
7.5900     304.00    7.67688      12.00       0.00 
7.5952     312.00    7.67688       8.00       0.00 
7.6001     317.00    7.67688       5.00       0.00 
7.6050     317.00    7.67688       0.00       0.00 
7.6100     309.00    7.67688      -8.00       0.00 
7.6150     276.00    7.67688     -33.00       0.00 
7.6201     222.00    7.67688     -54.00      -1.00 
7.6251     179.00    7.67688     -43.00       0.00 
7.6300     137.00    7.67688     -42.00       0.00 
7.6350     111.00    7.67688     -26.00       0.00 
7.6400     101.00    7.67688     -10.00       0.00 
7.6452      96.00    7.67688      -5.00       0.00 
7.6501      95.00    7.67688      -1.00       0.00 
7.6550      93.00    6.20625      -2.00       0.00 
7.6600      92.00    6.20625      -1.00       0.00 
7.6650      91.00    6.20625      -1.00       0.00 
7.6701      92.00    6.20625       1.00       0.00 
7.6751      94.00    6.20625       2.00       0.00 
7.6801      98.00    6.20625       4.00       0.00 
7.6850     102.00    6.20625       4.00       0.00 
7.6900     109.00    6.20625       7.00       0.00 
7.6951     131.00    6.20625      22.00       0.00 
7.7000     163.00    6.20625      32.00       0.00 
7.7050     201.00    6.20625      38.00       1.00 
7.7101     230.00    6.20625      29.00       0.00 
7.7151     251.00    6.20625      21.00       0.00 
7.7201     267.00    6.20625      16.00       0.00 
7.7251     279.00    6.20625      12.00       0.00 
7.7301     288.00    6.20625       9.00       0.00 
7.7350     291.00    6.20625       3.00       0.00 
7.7401     281.00    6.20625     -10.00       0.00 
7.7451     243.00    6.20625     -38.00      -1.00 
7.7500     192.00    6.20625     -51.00       0.00 
7.7553     153.00    6.20625     -39.00       0.00 
7.7600     126.00    6.20625     -27.00       0.00 
7.7650     114.00    6.20625     -12.00       0.00 
7.7700     111.00    6.20625      -3.00       0.00 
7.7750     113.00    6.20625       2.00       0.00 
7.7801     117.00    6.20625       4.00       0.00 
7.7850     123.00    6.20625       6.00       0.00 
7.7900     127.00    6.20625       4.00       0.00 
7.7951     129.00    6.20625       2.00       0.00 
7.8001     129.00    6.20625       0.00       0.00 
7.8050     133.00    3.92293       4.00       0.00 
7.8101     138.00    3.92293       5.00       0.00 
7.8150     146.00    3.92293       8.00       0.00 
7.8201     158.00    3.92293      12.00       0.00 
7.8254     192.00    3.92293      34.00       0.00 
7.8301     227.00    3.92293      35.00       0.00 
7.8351     258.00    3.92293      31.00       0.00 
7.8401     280.00    3.92293      22.00       0.00 
7.8450     295.00    3.92293      15.00       0.00 
7.8500     307.00    3.92293      12.00       0.00 
7.8550     314.00    3.92293       7.00       0.00 
7.8600     318.00    3.92293       4.00       0.00 
7.8650     320.00    3.92293       2.00       0.00 
7.8700     313.00    3.92293      -7.00       0.00 
7.8751     286.00    3.92293     -27.00       0.00 
7.8801     232.00    3.92293     -54.00       0.00 
7.8850     189.00    3.92293     -43.00       0.00 
7.8901     147.00    3.92293     -42.00       0.00 
7.8951     116.00    3.92293     -31.00       0.00 
7.9001     103.00    3.92293     -13.00       0.00 
7.9051      97.00    3.92293      -6.00       0.00 
7.9102      95.00    3.92293      -2.00       0.00 
7.9151      94.00    3.92293      -1.00       0.00 
7.9201      92.00    3.92293      -2.00       0.00 
7.9251      92.00    3.92293       0.00       0.00 
7.9300      91.00    3.92293      -1.00       0.00 
7.9351      93.00    3.92293       2.00       0.00 
7.9400      96.00    3.92293       3.00       0.00 
7.9451     100.00    3.92293       4.00       0.00 
7.9502     104.00    3.92293       4.00       0.00 
7.9551     114.00    3.92175      10.00       0.00 
7.9600     139.00    3.92175      25.00       0.00 
7.9651     174.00    3.92175      35.00       1.00 
7.9701     210.00    3.92175      36.00       0.00 
7.9751     236.00    3.92175      26.00       0.00 
7.9801     255.00    3.92175      19.00       0.00 
7.9852     270.00    3.92175      15.00       0.00 
7.9902     282.00    3.92175      12.00       0.00 
7.9950     289.00    3.92175       7.00       0.00 
8.0001     292.00    3.92175       3.00       0.00 
8.0050     281.00    3.92175     -11.00      -1.00 
8.0101     243.00    3.92175     -38.00       0.00 
8.0150     193.00    3.92175     -50.00       0.00 
8.0200     157.00    3.92175     -36.00       0.00 
8.0250     127.00    3.92175     -30.00       0.00 
8.0301     114.00    3.92175     -13.00       0.00 
8.0350     111.00    3.92175      -3.00       0.00 
8.0400     113.00    3.92175       2.00       0.00 
8.0450     116.00    3.92175       3.00       0.00 
8.0501     122.00    3.92175       6.00       0.00 
8.0550     126.00    3.92175       4.00       0.00 
8.0600     129.00    3.92175       3.00       0.00 
8.0651     130.00    3.92175       1.00       0.00 
8.0701     132.00    3.92175       2.00       0.00 
8.0750     136.00    3.92175       4.00       0.00 
8.0801     143.00    3.92175       7.00       0.00 
8.0851     152.00    3.92175       9.00       0.00 
8.0900     172.00    3.92175      20.00       1.00 
8.0950     211.00    3.92175      39.00       0.00 
8.1001     246.00    3.92175      35.00       0.00 
8.1051     272.00    2.59715      26.00       0.00 
8.1101     290.00    2.59715      18.00       0.00 
8.1151     303.00    2.59715      13.00       0.00 
8.1201     312.00    2.59715       9.00       0.00 
8.1250     317.00    2.59715       5.00       0.00 
8.1300     321.00    2.59715       4.00       0.00 
8.1350     320.00    2.59715      -1.00       0.00 
8.1400     310.00    2.59715     -10.00      -1.00 
8.1450     274.00    2.59715     -36.00       0.00 
8.1502     219.00    2.59715     -55.00       0.00 
8.1550     180.00    2.59715     -39.00       0.00 
8.1601     138.00    2.59715     -42.00       0.00 
8.1650     113.00    2.59715     -25.00       0.00 
8.1701     102.00    2.59715     -11.00       0.00 
8.1750      97.00    2.59715      -5.00       0.00 
8.1801      95.00    2.59715      -2.00       0.00 
8.1851      94.00    2.59715      -1.00       0.00 
8.1900      93.00    2.59715      -1.00       0.00 
8.1951      92.00    2.59715      -1.00       0.00 
8.2000      92.00    2.59715       0.00       0.00 
8.2051      93.00    2.59715       1.00       0.00 
8.2101      96.00    2.59715       3.00       0.00 
8.2150     100.00    2.59715       4.00       0.00 
8.2200     105.00    2.59715       5.00       0.00 
8.2250     114.00    2.59715       9.00       0.00 
8.2301     139.00    2.59715      25.00       1.00 
8.2350     174.00    2.59715      35.00       0.00 
8.2401     210.00    2.59715      36.00       0.00 
8.2451     237.00    2.59715      27.00       0.00 
8.2501     258.00    2.59715      21.00       0.00 
8.2551     273.00    3.78811      15.00       0.00 
8.2601     284.00    3.78811      11.00       0.00 
8.2651     292.00    3.78811       8.00       0.00 
8.2700     296.00    3.78811       4.00       0.00 
8.2750     288.00    3.78811      -8.00       0.00 
8.2801     252.00    3.78811     -36.00      -1.00 
8.2851     200.00    3.78811     -52.00       0.00 
8.2900     163.00    3.78811     -37.00       0.00 
8.2950     131.00    3.78811     -32.00       0.00 
8.3000     116.00    3.78811     -15.00       0.00 
8.3051     112.00    3.78811      -4.00       0.00 
8.3100     113.00    3.78811       1.00       0.00 
8.3150     116.00    3.78811       3.00       0.00 
8.3200     122.00    3.78811       6.00       0.00 
8.3251     126.00    3.78811       4.00       0.00 
8.3300     129.00    3.78811       3.00       0.00 
8.3350     129.00    3.78811       0.00       0.00 
8.3400     130.00    3.78811       1.00       0.00 
8.3464     137.00    3.78811       7.00       0.00 
8.3503     142.00    3.78811       5.00       0.00 
8.3550     150.00    3.78811       8.00       0.00 
8.3600     166.00    3.78811      16.00       1.00 
8.3650     203.00    3.78811      37.00       0.00 
8.3701     240.00    3.78811      37.00       0.00 
8.3751     268.00    3.78811      28.00       0.00 
8.3801     287.00    3.78811      19.00       0.00 
8.3851     300.00    3.78811      13.00       0.00 
8.3901     311.00    3.78811      11.00       0.00 
8.3951     317.00    3.78811       6.00       0.00 
8.4000     321.00    3.78811       4.00       0.00 
8.4051     322.00    3.70436       1.00       0.00 
8.4100     314.00    3.70436      -8.00       0.00 
8.4150     288.00    3.70436     -26.00      -1.00 
8.4201     234.00    3.70436     -54.00       0.00 
8.4250     192.00    3.70436     -42.00       0.00 
8.4301     152.00    3.70436     -40.00       0.00 
8.4350     120.00    3.70436     -32.00       0.00 
8.4401     105.00    3.70436     -15.00       0.00 
8.4450      98.00    3.70436      -7.00       0.00 
8.4501      96.00    3.70436      -2.00       0.00 
8.4550      94.00    3.70436      -2.00       0.00 
8.4600      93.00    3.70436      -1.00       0.00 
8.4651      93.00    3.70436       0.00       0.00 
8.4700      92.00    3.70436      -1.00       0.00 
8.4750      93.00    3.70436       1.00       0.00 
8.4800      95.00    3.70436       2.00       0.00 
8.4850      99.00    3.70436       4.00       0.00 
8.4900     103.00    3.70436       4.00       0.00 
8.4951     109.00    3.70436       6.00       0.00 
8.5001     127.00    3.70436      18.00       1.00 
8.5050     157.00    3.70436      30.00       0.00 
8.5101     194.00    3.70436      37.00       0.00 
8.5151     226.00    3.70436      32.00       0.00 
8.5200     248.00    3.70436      22.00       0.00 
8.5251     266.00    3.70436      18.00       0.00 
8.5300     279.00    3.70436      13.00       0.00 
8.5351     289.00    3.70436      10.00       0.00 
8.5401     296.00    3.70436       7.00       0.00 
8.5451     295.00    3.70436      -1.00       0.00 
8.5501     279.00    3.70436     -16.00      -1.00 
